m 0 0 8
m 0 1 8
m 0 2 8
m 0 3 8
m 0 4 8
m 0 5 8
m 0 6 8
m 0 7 8
m 0 8 8
m 0 9 8
m 0 10 8
m 0 11 8
m 0 12 8
m 0 13 8
m 0 14 8
m 0 15 8
m 0 16 8
m 0 17 8
m 0 18 8
m 0 19 8
m 0 20 8
m 0 21 8
m 0 22 8
m 0 23 8
m 0 24 8
m 0 25 8
m 0 26 8
m 0 27 8
m 0 28 8
m 0 29 8
m 0 30 8
m 0 31 8
m 0 32 8
m 0 33 8
m 0 34 8
m 0 35 8
m 0 36 8
m 0 37 8
m 0 38 8
m 0 39 8
m 0 40 8
m 0 41 8
m 0 42 8
m 0 43 8
m 0 44 8
m 0 45 8
m 0 46 8
m 0 47 8
m 0 48 8
m 0 49 8
m 0 50 8
m 0 51 8
m 0 52 8
m 0 53 8
m 0 54 8
m 0 55 8
m 0 56 8
m 0 57 8
m 0 58 8
m 0 59 8
m 0 60 8
m 0 61 8
m 0 62 8
m 0 63 8
m 0 64 8
m 0 65 8
m 0 66 8
m 0 67 8
m 0 68 8
m 0 69 8
m 0 70 8
m 0 71 8
m 0 72 8
m 0 73 8
m 0 74 8
m 0 75 8
m 0 76 8
m 0 77 8
m 0 78 8
m 0 79 8
m 0 80 8
m 0 81 8
m 0 82 8
m 0 83 8
m 0 84 8
m 0 85 8
m 0 86 8
m 0 87 8
m 0 88 8
m 0 89 8
m 0 90 8
m 0 91 8
m 0 92 8
m 0 93 8
m 0 94 8
m 0 95 8
m 0 96 8
m 0 97 8
m 0 98 8
m 0 99 8
m 0 100 8
m 0 101 8
m 0 102 8
m 0 103 8
m 0 104 8
m 0 105 8
m 0 106 8
m 0 107 8
m 0 108 8
m 0 109 8
m 0 110 8
m 0 111 8
m 0 112 8
m 0 113 8
m 0 114 8
m 0 115 8
m 0 116 8
m 0 117 8
m 0 118 8
m 0 119 8
m 0 120 8
m 0 121 8
m 0 122 8
m 0 123 8
m 0 124 8
m 0 125 8
m 0 126 8
m 0 127 8
m 0 128 8
m 0 129 8
m 0 130 8
m 0 131 8
m 0 132 8
m 0 133 8
m 0 134 8
m 0 135 8
m 0 136 8
m 0 137 8
m 0 138 8
m 0 139 8
m 0 140 8
m 0 141 8
m 0 142 8
m 0 143 8
m 0 144 8
m 0 145 8
m 0 146 8
m 0 147 8
m 0 148 8
m 0 149 8
m 0 150 8
m 0 151 8
m 0 152 8
m 0 153 8
m 0 154 8
m 0 155 8
m 0 156 8
m 0 157 8
m 0 158 8
m 0 159 8
m 0 160 8
m 0 161 8
m 0 162 8
m 0 163 8
m 0 164 8
m 0 165 8
m 0 166 8
m 0 167 8
m 0 168 8
m 0 169 8
m 0 170 8
m 0 171 8
m 0 172 8
m 0 173 8
m 0 174 8
m 0 175 8
m 0 176 8
m 0 177 8
m 0 178 8
m 0 179 8
m 0 180 8
m 0 181 8
m 0 182 8
m 0 183 8
m 0 184 8
m 0 185 8
m 0 186 8
m 0 187 8
m 0 188 8
m 0 189 8
m 0 190 8
m 0 191 8
m 0 192 8
m 0 193 8
m 0 194 8
m 0 195 8
m 0 196 8
m 0 197 8
m 0 198 8
m 0 199 8
m 0 200 8
m 0 201 8
m 0 202 8
m 0 203 8
m 0 204 8
m 0 205 8
m 0 206 8
m 0 207 8
m 0 208 8
m 0 209 8
m 0 210 8
m 0 211 8
m 0 212 8
m 0 213 8
m 0 214 8
m 0 215 8
m 0 216 8
m 0 217 8
m 0 218 8
m 0 219 8
m 0 220 8
m 0 221 8
m 0 222 8
m 0 223 8
m 0 224 8
m 0 225 8
m 0 226 8
m 0 227 8
m 0 228 8
m 0 229 8
m 0 230 8
m 0 231 8
m 0 232 8
m 0 233 8
m 0 234 8
m 0 235 8
m 0 236 8
m 0 237 8
m 0 238 8
m 0 239 8
m 0 240 8
m 0 241 8
m 0 242 8
m 0 243 8
m 0 244 8
m 0 245 8
m 0 246 8
m 0 247 8
m 0 248 8
m 0 249 8
m 0 250 8
m 0 251 8
m 0 252 8
m 0 253 8
m 0 254 8
m 0 255 8
m 0 256 8
m 0 257 8
m 0 258 8
m 0 259 8
m 0 260 8
m 0 261 8
m 0 262 8
m 0 263 8
m 0 264 8
m 0 265 8
m 0 266 8
m 0 267 8
m 0 268 8
m 0 269 8
m 0 270 8
m 0 271 8
m 0 272 8
m 0 273 8
m 0 274 8
m 0 275 8
m 0 276 8
m 0 277 8
m 0 278 8
m 0 279 8
m 0 280 8
m 0 281 8
m 0 282 8
m 0 283 8
m 0 284 8
m 0 285 8
m 0 286 8
m 0 287 8
m 0 288 8
m 0 289 8
m 0 290 8
m 0 291 8
m 0 292 8
m 0 293 8
m 0 294 8
m 0 295 8
m 0 296 8
m 0 297 8
m 0 298 8
m 0 299 8
m 0 300 8
m 0 301 8
m 0 302 8
m 0 303 8
m 0 304 8
m 0 305 8
m 0 306 8
m 0 307 8
m 0 308 8
m 0 309 8
m 0 310 8
m 0 311 8
m 0 312 8
m 0 313 8
m 0 314 8
m 0 315 8
m 0 316 8
m 0 317 8
m 0 318 8
m 0 319 8
m 0 320 8
m 0 321 8
m 0 322 8
m 0 323 8
m 0 324 8
m 0 325 8
m 0 326 8
m 0 327 8
m 0 328 8
m 0 329 8
m 0 330 8
m 0 331 8
m 0 332 8
m 0 333 8
m 0 334 8
m 0 335 8
m 0 336 8
m 0 337 8
m 0 338 8
m 0 339 8
m 0 340 8
m 0 341 8
m 0 342 8
m 0 343 8
m 0 344 8
m 0 345 8
m 0 346 8
m 0 347 8
m 0 348 8
m 0 349 8
m 0 350 8
m 0 351 8
m 0 352 8
m 0 353 8
m 0 354 8
m 0 355 8
m 0 356 8
m 0 357 8
m 0 358 8
m 0 359 8
m 0 360 8
m 0 361 8
m 0 362 8
m 0 363 8
m 0 364 8
m 0 365 8
m 0 366 8
m 0 367 8
m 0 368 8
m 0 369 8
m 0 370 8
m 0 371 8
m 0 372 8
m 0 373 8
m 0 374 8
m 0 375 8
m 0 376 8
m 0 377 8
m 0 378 8
m 0 379 8
m 0 380 8
m 0 381 8
m 0 382 8
m 0 383 8
m 0 384 8
m 0 385 8
m 0 386 8
m 0 387 8
m 0 388 8
m 0 389 8
m 0 390 8
m 0 391 8
m 0 392 8
m 0 393 8
m 0 394 8
m 0 395 8
m 0 396 8
m 0 397 8
m 0 398 8
m 0 399 8
m 0 400 8
m 0 401 8
m 0 402 8
m 0 403 8
m 0 404 8
m 0 405 8
m 0 406 8
m 0 407 8
m 0 408 8
m 0 409 8
m 0 410 8
m 0 411 8
m 0 412 8
m 0 413 8
m 0 414 8
m 0 415 8
m 0 416 8
m 0 417 8
m 0 418 8
m 0 419 8
m 0 420 8
m 0 421 8
m 0 422 8
m 0 423 8
m 0 424 8
m 0 425 8
m 0 426 8
m 0 427 8
m 0 428 8
m 0 429 8
m 0 430 8
m 0 431 8
m 0 432 8
m 0 433 8
m 0 434 8
m 0 435 8
m 0 436 8
m 0 437 8
m 0 438 8
m 0 439 8
m 0 440 8
m 0 441 8
m 0 442 8
m 0 443 8
m 0 444 8
m 0 445 8
m 0 446 8
m 0 447 8
m 0 448 8
m 0 449 8
m 0 450 8
m 0 451 8
m 0 452 8
m 0 453 8
m 0 454 8
m 0 455 8
m 0 456 8
m 0 457 8
m 0 458 8
m 0 459 8
m 0 460 8
m 0 461 8
m 0 462 8
m 0 463 8
m 0 464 8
m 0 465 8
m 0 466 8
m 0 467 8
m 0 468 8
m 0 469 8
m 0 470 8
m 0 471 8
m 0 472 8
m 0 473 8
m 0 474 8
m 0 475 8
m 0 476 8
m 0 477 8
m 0 478 8
m 0 479 8
m 0 480 8
m 0 481 8
m 0 482 8
m 0 483 8
m 0 484 8
m 0 485 8
m 0 486 8
m 0 487 8
m 0 488 8
m 0 489 8
m 0 490 8
m 0 491 8
m 0 492 8
m 0 493 8
m 0 494 8
m 0 495 8
m 0 496 8
m 0 497 8
m 0 498 8
m 0 499 8
m 0 500 8
m 0 501 8
m 0 502 8
m 0 503 8
m 0 504 8
m 0 505 8
m 0 506 8
m 0 507 8
m 0 508 8
m 0 509 8
m 0 510 8
m 0 511 8
m 0 512 8
m 0 513 8
m 0 514 8
m 0 515 8
m 0 516 8
m 0 517 8
m 0 518 8
m 0 519 8
m 0 520 8
m 0 521 8
m 0 522 8
m 0 523 8
m 0 524 8
m 0 525 8
m 0 526 8
m 0 527 8
m 0 528 8
m 0 529 8
m 0 530 8
m 0 531 8
m 0 532 8
m 0 533 8
m 0 534 8
m 0 535 8
m 0 536 8
m 0 537 8
m 0 538 8
m 0 539 8
m 0 540 8
m 0 541 8
m 0 542 8
m 0 543 8
m 0 544 8
m 0 545 8
m 0 546 8
m 0 547 8
m 0 548 8
m 0 549 8
m 0 550 8
m 0 551 8
m 0 552 8
m 0 553 8
m 0 554 8
m 0 555 8
m 0 556 8
m 0 557 8
m 0 558 8
m 0 559 8
m 0 560 8
m 0 561 8
m 0 562 8
m 0 563 8
m 0 564 8
m 0 565 8
m 0 566 8
m 0 567 8
m 0 568 8
m 0 569 8
m 0 570 8
m 0 571 8
m 0 572 8
m 0 573 8
m 0 574 8
m 0 575 8
m 0 576 8
m 0 577 8
m 0 578 8
m 0 579 8
m 0 580 8
m 0 581 8
m 0 582 8
m 0 583 8
m 0 584 8
m 0 585 8
m 0 586 8
m 0 587 8
m 0 588 8
m 0 589 8
m 0 590 8
m 0 591 8
m 0 592 8
m 0 593 8
m 0 594 8
m 0 595 8
m 0 596 8
m 0 597 8
m 0 598 8
m 0 599 8
m 0 600 8
m 0 601 8
m 0 602 8
m 0 603 8
m 0 604 8
m 0 605 8
m 0 606 8
m 0 607 8
m 0 608 8
m 0 609 8
m 0 610 8
m 0 611 8
m 0 612 8
m 0 613 8
m 0 614 8
m 0 615 8
m 0 616 8
m 0 617 8
m 0 618 8
m 0 619 8
m 0 620 8
m 0 621 8
m 0 622 8
m 0 623 8
m 0 624 8
m 0 625 8
m 0 626 8
m 0 627 8
m 0 628 8
m 0 629 8
m 0 630 8
m 0 631 8
m 0 632 8
m 0 633 8
m 0 634 8
m 0 635 8
m 0 636 8
m 0 637 8
m 0 638 8
m 0 639 8
m 0 640 8
m 0 641 8
m 0 642 8
m 0 643 8
m 0 644 8
m 0 645 8
m 0 646 8
m 0 647 8
m 0 648 8
m 0 649 8
m 0 650 8
m 0 651 8
m 0 652 8
m 0 653 8
m 0 654 8
m 0 655 8
m 0 656 8
m 0 657 8
m 0 658 8
m 0 659 8
m 0 660 8
m 0 661 8
m 0 662 8
m 0 663 8
m 0 664 8
m 0 665 8
m 0 666 8
m 0 667 8
m 0 668 8
m 0 669 8
m 0 670 8
m 0 671 8
m 0 672 8
m 0 673 8
m 0 674 8
m 0 675 8
m 0 676 8
m 0 677 8
m 0 678 8
m 0 679 8
m 0 680 8
m 0 681 8
m 0 682 8
m 0 683 8
m 0 684 8
m 0 685 8
m 0 686 8
m 0 687 8
m 0 688 8
m 0 689 8
m 0 690 8
m 0 691 8
m 0 692 8
m 0 693 8
m 0 694 8
m 0 695 8
m 0 696 8
m 0 697 8
m 0 698 8
m 0 699 8
m 0 700 8
m 0 701 8
m 0 702 8
m 0 703 8
m 0 704 8
m 0 705 8
m 0 706 8
m 0 707 8
m 0 708 8
m 0 709 8
m 0 710 8
m 0 711 8
m 0 712 8
m 0 713 8
m 0 714 8
m 0 715 8
m 0 716 8
m 0 717 8
m 0 718 8
m 0 719 8
m 0 720 8
m 0 721 8
m 0 722 8
m 0 723 8
m 0 724 8
m 0 725 8
m 0 726 8
m 0 727 8
m 0 728 8
m 0 729 8
m 0 730 8
m 0 731 8
m 0 732 8
m 0 733 8
m 0 734 8
m 0 735 8
m 0 736 8
m 0 737 8
m 0 738 8
m 0 739 8
m 0 740 8
m 0 741 8
m 0 742 8
m 0 743 8
m 0 744 8
m 0 745 8
m 0 746 8
m 0 747 8
m 0 748 8
m 0 749 8
m 0 750 8
m 0 751 8
m 0 752 8
m 0 753 8
m 0 754 8
m 0 755 8
m 0 756 8
m 0 757 8
m 0 758 8
m 0 759 8
m 0 760 8
m 0 761 8
m 0 762 8
m 0 763 8
m 0 764 8
m 0 765 8
m 0 766 8
m 0 767 8
m 0 768 8
m 0 769 8
m 0 770 8
m 0 771 8
m 0 772 8
m 0 773 8
m 0 774 8
m 0 775 8
m 0 776 8
m 0 777 8
m 0 778 8
m 0 779 8
m 0 780 8
m 0 781 8
m 0 782 8
m 0 783 8
m 0 784 8
m 0 785 8
m 0 786 8
m 0 787 8
m 0 788 8
m 0 789 8
m 0 790 8
m 0 791 8
m 0 792 8
m 0 793 8
m 0 794 8
m 0 795 8
m 0 796 8
m 0 797 8
m 0 798 8
m 0 799 8
m 0 800 8
m 0 801 8
m 0 802 8
m 0 803 8
m 0 804 8
m 0 805 8
m 0 806 8
m 0 807 8
m 0 808 8
m 0 809 8
m 0 810 8
m 0 811 8
m 0 812 8
m 0 813 8
m 0 814 8
m 0 815 8
m 0 816 8
m 0 817 8
m 0 818 8
m 0 819 8
m 0 820 8
m 0 821 8
m 0 822 8
m 0 823 8
m 0 824 8
m 0 825 8
m 0 826 8
m 0 827 8
m 0 828 8
m 0 829 8
m 0 830 8
m 0 831 8
m 0 832 8
m 0 833 8
m 0 834 8
m 0 835 8
m 0 836 8
m 0 837 8
m 0 838 8
m 0 839 8
m 0 840 8
m 0 841 8
m 0 842 8
m 0 843 8
m 0 844 8
m 0 845 8
m 0 846 8
m 0 847 8
m 0 848 8
m 0 849 8
m 0 850 8
m 0 851 8
m 0 852 8
m 0 853 8
m 0 854 8
m 0 855 8
m 0 856 8
m 0 857 8
m 0 858 8
m 0 859 8
m 0 860 8
m 0 861 8
m 0 862 8
m 0 863 8
m 0 864 8
m 0 865 8
m 0 866 8
m 0 867 8
m 0 868 8
m 0 869 8
m 0 870 8
m 0 871 8
m 0 872 8
m 0 873 8
m 0 874 8
m 0 875 8
m 0 876 8
m 0 877 8
m 0 878 8
m 0 879 8
m 0 880 8
m 0 881 8
m 0 882 8
m 0 883 8
m 0 884 8
m 0 885 8
m 0 886 8
m 0 887 8
m 0 888 8
m 0 889 8
m 0 890 8
m 0 891 8
m 0 892 8
m 0 893 8
m 0 894 8
m 0 895 8
m 0 896 8
m 0 897 8
m 0 898 8
m 0 899 8
m 0 900 8
m 0 901 8
m 0 902 8
m 0 903 8
m 0 904 8
m 0 905 8
m 0 906 8
m 0 907 8
m 0 908 8
m 0 909 8
m 0 910 8
m 0 911 8
m 0 912 8
m 0 913 8
m 0 914 8
m 0 915 8
m 0 916 8
m 0 917 8
m 0 918 8
m 0 919 8
m 0 920 8
m 0 921 8
m 0 922 8
m 0 923 8
m 0 924 8
m 0 925 8
m 0 926 8
m 0 927 8
m 0 928 8
m 0 929 8
m 0 930 8
m 0 931 8
m 0 932 8
m 0 933 8
m 0 934 8
m 0 935 8
m 0 936 8
m 0 937 8
m 0 938 8
m 0 939 8
m 0 940 8
m 0 941 8
m 0 942 8
m 0 943 8
m 0 944 8
m 0 945 8
m 0 946 8
m 0 947 8
m 0 948 8
m 0 949 8
m 0 950 8
m 0 951 8
m 0 952 8
m 0 953 8
m 0 954 8
m 0 955 8
m 0 956 8
m 0 957 8
m 0 958 8
m 0 959 8
m 0 960 8
m 0 961 8
m 0 962 8
m 0 963 8
m 0 964 8
m 0 965 8
m 0 966 8
m 0 967 8
m 0 968 8
m 0 969 8
m 0 970 8
m 0 971 8
m 0 972 8
m 0 973 8
m 0 974 8
m 0 975 8
m 0 976 8
m 0 977 8
m 0 978 8
m 0 979 8
m 0 980 8
m 0 981 8
m 0 982 8
m 0 983 8
m 0 984 8
m 0 985 8
m 0 986 8
m 0 987 8
m 0 988 8
m 0 989 8
m 0 990 8
m 0 991 8
m 0 992 8
m 0 993 8
m 0 994 8
m 0 995 8
m 0 996 8
m 0 997 8
m 0 998 8
m 0 999 8
m 0 1000 8
m 0 1001 8
m 0 1002 8
m 0 1003 8
m 0 1004 8
m 0 1005 8
m 0 1006 8
m 0 1007 8
m 0 1008 8
m 0 1009 8
m 0 1010 8
m 0 1011 8
m 0 1012 8
m 0 1013 8
m 0 1014 8
m 0 1015 8
m 0 1016 8
m 0 1017 8
m 0 1018 8
m 0 1019 8
m 0 1020 8
m 0 1021 8
m 0 1022 8
m 0 1023 8
m 0 1024 8
m 0 1025 8
m 0 1026 8
m 0 1027 8
m 0 1028 8
m 0 1029 8
m 0 1030 8
m 0 1031 8
m 0 1032 8
m 0 1033 8
m 0 1034 8
m 0 1035 8
m 0 1036 8
m 0 1037 8
m 0 1038 8
m 0 1039 8
m 0 1040 8
m 0 1041 8
m 0 1042 8
m 0 1043 8
m 0 1044 8
m 0 1045 8
m 0 1046 8
m 0 1047 8
m 0 1048 8
m 0 1049 8
m 0 1050 8
m 0 1051 8
m 0 1052 8
m 0 1053 8
m 0 1054 8
m 0 1055 8
m 0 1056 8
m 0 1057 8
m 0 1058 8
m 0 1059 8
m 0 1060 8
m 0 1061 8
m 0 1062 8
m 0 1063 8
m 0 1064 8
m 0 1065 8
m 0 1066 8
m 0 1067 8
m 0 1068 8
m 0 1069 8
m 0 1070 8
m 0 1071 8
m 0 1072 8
m 0 1073 8
m 0 1074 8
m 0 1075 8
m 0 1076 8
m 0 1077 8
m 0 1078 8
m 0 1079 8
m 0 1080 8
m 0 1081 8
m 0 1082 8
m 0 1083 8
m 0 1084 8
m 0 1085 8
m 0 1086 8
m 0 1087 8
m 0 1088 8
m 0 1089 8
m 0 1090 8
m 0 1091 8
m 0 1092 8
m 0 1093 8
m 0 1094 8
m 0 1095 8
m 0 1096 8
m 0 1097 8
m 0 1098 8
m 0 1099 8
m 0 1100 8
m 0 1101 8
m 0 1102 8
m 0 1103 8
m 0 1104 8
m 0 1105 8
m 0 1106 8
m 0 1107 8
m 0 1108 8
m 0 1109 8
m 0 1110 8
m 0 1111 8
m 0 1112 8
m 0 1113 8
m 0 1114 8
m 0 1115 8
m 0 1116 8
m 0 1117 8
m 0 1118 8
m 0 1119 8
m 0 1120 8
m 0 1121 8
m 0 1122 8
m 0 1123 8
m 0 1124 8
m 0 1125 8
m 0 1126 8
m 0 1127 8
m 0 1128 8
m 0 1129 8
m 0 1130 8
m 0 1131 8
m 0 1132 8
m 0 1133 8
m 0 1134 8
m 0 1135 8
m 0 1136 8
m 0 1137 8
m 0 1138 8
m 0 1139 8
m 0 1140 8
m 0 1141 8
m 0 1142 8
m 0 1143 8
m 0 1144 8
m 0 1145 8
m 0 1146 8
m 0 1147 8
m 0 1148 8
m 0 1149 8
m 0 1150 8
m 0 1151 8
m 0 1152 8
m 0 1153 8
m 0 1154 8
m 0 1155 8
m 0 1156 8
m 0 1157 8
m 0 1158 8
m 0 1159 8
m 0 1160 8
m 0 1161 8
m 0 1162 8
m 0 1163 8
m 0 1164 8
m 0 1165 8
m 0 1166 8
m 0 1167 8
m 0 1168 8
m 0 1169 8
m 0 1170 8
m 0 1171 8
m 0 1172 8
m 0 1173 8
m 0 1174 8
m 0 1175 8
m 0 1176 8
m 0 1177 8
m 0 1178 8
m 0 1179 8
m 0 1180 8
m 0 1181 8
m 0 1182 8
m 0 1183 8
m 0 1184 8
m 0 1185 8
m 0 1186 8
m 0 1187 8
m 0 1188 8
m 0 1189 8
m 0 1190 8
m 0 1191 8
m 0 1192 8
m 0 1193 8
m 0 1194 8
m 0 1195 8
m 0 1196 8
m 0 1197 8
m 0 1198 8
m 0 1199 8
m 0 1200 8
m 0 1201 8
m 0 1202 8
m 0 1203 8
m 0 1204 8
m 0 1205 8
m 0 1206 8
m 0 1207 8
m 0 1208 8
m 0 1209 8
m 0 1210 8
m 0 1211 8
m 0 1212 8
m 0 1213 8
m 0 1214 8
m 0 1215 8
m 0 1216 8
m 0 1217 8
m 0 1218 8
m 0 1219 8
m 0 1220 8
m 0 1221 8
m 0 1222 8
m 0 1223 8
m 0 1224 8
m 0 1225 8
m 0 1226 8
m 0 1227 8
m 0 1228 8
m 0 1229 8
m 0 1230 8
m 0 1231 8
m 0 1232 8
m 0 1233 8
m 0 1234 8
m 0 1235 8
m 0 1236 8
m 0 1237 8
m 0 1238 8
m 0 1239 8
m 0 1240 8
m 0 1241 8
m 0 1242 8
m 0 1243 8
m 0 1244 8
m 0 1245 8
m 0 1246 8
m 0 1247 8
m 0 1248 8
m 0 1249 8
m 0 1250 8
m 0 1251 8
m 0 1252 8
m 0 1253 8
m 0 1254 8
m 0 1255 8
m 0 1256 8
m 0 1257 8
m 0 1258 8
m 0 1259 8
m 0 1260 8
m 0 1261 8
m 0 1262 8
m 0 1263 8
m 0 1264 8
m 0 1265 8
m 0 1266 8
m 0 1267 8
m 0 1268 8
m 0 1269 8
m 0 1270 8
m 0 1271 8
m 0 1272 8
m 0 1273 8
m 0 1274 8
m 0 1275 8
m 0 1276 8
m 0 1277 8
m 0 1278 8
m 0 1279 8
m 0 1280 8
m 0 1281 8
m 0 1282 8
m 0 1283 8
m 0 1284 8
m 0 1285 8
m 0 1286 8
m 0 1287 8
m 0 1288 8
m 0 1289 8
m 0 1290 8
m 0 1291 8
m 0 1292 8
m 0 1293 8
m 0 1294 8
m 0 1295 8
m 0 1296 8
m 0 1297 8
m 0 1298 8
m 0 1299 8
m 0 1300 8
m 0 1301 8
m 0 1302 8
m 0 1303 8
m 0 1304 8
m 0 1305 8
m 0 1306 8
m 0 1307 8
m 0 1308 8
m 0 1309 8
m 0 1310 8
m 0 1311 8
m 0 1312 8
m 0 1313 8
m 0 1314 8
m 0 1315 8
m 0 1316 8
m 0 1317 8
m 0 1318 8
m 0 1319 8
m 0 1320 8
m 0 1321 8
m 0 1322 8
m 0 1323 8
m 0 1324 8
m 0 1325 8
m 0 1326 8
m 0 1327 8
m 0 1328 8
m 0 1329 8
m 0 1330 8
m 0 1331 8
m 0 1332 8
m 0 1333 8
m 0 1334 8
m 0 1335 8
m 0 1336 8
m 0 1337 8
m 0 1338 8
m 0 1339 8
m 0 1340 8
m 0 1341 8
m 0 1342 8
m 0 1343 8
m 0 1344 8
m 0 1345 8
m 0 1346 8
m 0 1347 8
m 0 1348 8
m 0 1349 8
m 0 1350 8
m 0 1351 8
m 0 1352 8
m 0 1353 8
m 0 1354 8
m 0 1355 8
m 0 1356 8
m 0 1357 8
m 0 1358 8
m 0 1359 8
m 0 1360 8
m 0 1361 8
m 0 1362 8
m 0 1363 8
m 0 1364 8
m 0 1365 8
m 0 1366 8
m 0 1367 8
m 0 1368 8
m 0 1369 8
m 0 1370 8
m 0 1371 8
m 0 1372 8
m 0 1373 8
m 0 1374 8
m 0 1375 8
m 0 1376 8
m 0 1377 8
m 0 1378 8
m 0 1379 8
m 0 1380 8
m 0 1381 8
m 0 1382 8
m 0 1383 8
m 0 1384 8
m 0 1385 8
m 0 1386 8
m 0 1387 8
m 0 1388 8
m 0 1389 8
m 0 1390 8
m 0 1391 8
m 0 1392 8
m 0 1393 8
m 0 1394 8
m 0 1395 8
m 0 1396 8
m 0 1397 8
m 0 1398 8
m 0 1399 8
m 0 1400 8
m 0 1401 8
m 0 1402 8
m 0 1403 8
m 0 1404 8
m 0 1405 8
m 0 1406 8
m 0 1407 8
m 0 1408 8
m 0 1409 8
m 0 1410 8
m 0 1411 8
m 0 1412 8
m 0 1413 8
m 0 1414 8
m 0 1415 8
m 0 1416 8
m 0 1417 8
m 0 1418 8
m 0 1419 8
m 0 1420 8
m 0 1421 8
m 0 1422 8
m 0 1423 8
m 0 1424 8
m 0 1425 8
m 0 1426 8
m 0 1427 8
m 0 1428 8
m 0 1429 8
m 0 1430 8
m 0 1431 8
m 0 1432 8
m 0 1433 8
m 0 1434 8
m 0 1435 8
m 0 1436 8
m 0 1437 8
m 0 1438 8
m 0 1439 8
m 0 1440 8
m 0 1441 8
m 0 1442 8
m 0 1443 8
m 0 1444 8
m 0 1445 8
m 0 1446 8
m 0 1447 8
m 0 1448 8
m 0 1449 8
m 0 1450 8
m 0 1451 8
m 0 1452 8
m 0 1453 8
m 0 1454 8
m 0 1455 8
m 0 1456 8
m 0 1457 8
m 0 1458 8
m 0 1459 8
m 0 1460 8
m 0 1461 8
m 0 1462 8
m 0 1463 8
m 0 1464 8
m 0 1465 8
m 0 1466 8
m 0 1467 8
m 0 1468 8
m 0 1469 8
m 0 1470 8
m 0 1471 8
m 0 1472 8
m 0 1473 8
m 0 1474 8
m 0 1475 8
m 0 1476 8
m 0 1477 8
m 0 1478 8
m 0 1479 8
m 0 1480 8
m 0 1481 8
m 0 1482 8
m 0 1483 8
m 0 1484 8
m 0 1485 8
m 0 1486 8
m 0 1487 8
m 0 1488 8
m 0 1489 8
m 0 1490 8
m 0 1491 8
m 0 1492 8
m 0 1493 8
m 0 1494 8
m 0 1495 8
m 0 1496 8
m 0 1497 8
m 0 1498 8
m 0 1499 8
m 0 1500 8
m 0 1501 8
m 0 1502 8
m 0 1503 8
m 0 1504 8
m 0 1505 8
m 0 1506 8
m 0 1507 8
m 0 1508 8
m 0 1509 8
m 0 1510 8
m 0 1511 8
m 0 1512 8
m 0 1513 8
m 0 1514 8
m 0 1515 8
m 0 1516 8
m 0 1517 8
m 0 1518 8
m 0 1519 8
m 0 1520 8
m 0 1521 8
m 0 1522 8
m 0 1523 8
m 0 1524 8
m 0 1525 8
m 0 1526 8
m 0 1527 8
m 0 1528 8
m 0 1529 8
m 0 1530 8
m 0 1531 8
m 0 1532 8
m 0 1533 8
m 0 1534 8
m 0 1535 8
m 0 1536 8
m 0 1537 8
m 0 1538 8
m 0 1539 8
m 0 1540 8
m 0 1541 8
m 0 1542 8
m 0 1543 8
m 0 1544 8
m 0 1545 8
m 0 1546 8
m 0 1547 8
m 0 1548 8
m 0 1549 8
m 0 1550 8
m 0 1551 8
m 0 1552 8
m 0 1553 8
m 0 1554 8
m 0 1555 8
m 0 1556 8
m 0 1557 8
m 0 1558 8
m 0 1559 8
m 0 1560 8
m 0 1561 8
m 0 1562 8
m 0 1563 8
m 0 1564 8
m 0 1565 8
m 0 1566 8
m 0 1567 8
m 0 1568 8
m 0 1569 8
m 0 1570 8
m 0 1571 8
m 0 1572 8
m 0 1573 8
m 0 1574 8
m 0 1575 8
m 0 1576 8
m 0 1577 8
m 0 1578 8
m 0 1579 8
m 0 1580 8
m 0 1581 8
m 0 1582 8
m 0 1583 8
m 0 1584 8
m 0 1585 8
m 0 1586 8
m 0 1587 8
m 0 1588 8
m 0 1589 8
m 0 1590 8
m 0 1591 8
m 0 1592 8
m 0 1593 8
m 0 1594 8
m 0 1595 8
m 0 1596 8
m 0 1597 8
m 0 1598 8
m 0 1599 8
m 0 1600 8
m 0 1601 8
m 0 1602 8
m 0 1603 8
m 0 1604 8
m 0 1605 8
m 0 1606 8
m 0 1607 8
m 0 1608 8
m 0 1609 8
m 0 1610 8
m 0 1611 8
m 0 1612 8
m 0 1613 8
m 0 1614 8
m 0 1615 8
m 0 1616 8
m 0 1617 8
m 0 1618 8
m 0 1619 8
m 0 1620 8
m 0 1621 8
m 0 1622 8
m 0 1623 8
m 0 1624 8
m 0 1625 8
m 0 1626 8
m 0 1627 8
m 0 1628 8
m 0 1629 8
m 0 1630 8
m 0 1631 8
m 0 1632 8
m 0 1633 8
m 0 1634 8
m 0 1635 8
m 0 1636 8
m 0 1637 8
m 0 1638 8
m 0 1639 8
m 0 1640 8
m 0 1641 8
m 0 1642 8
m 0 1643 8
m 0 1644 8
m 0 1645 8
m 0 1646 8
m 0 1647 8
m 0 1648 8
m 0 1649 8
m 0 1650 8
m 0 1651 8
m 0 1652 8
m 0 1653 8
m 0 1654 8
m 0 1655 8
m 0 1656 8
m 0 1657 8
m 0 1658 8
m 0 1659 8
m 0 1660 8
m 0 1661 8
m 0 1662 8
m 0 1663 8
m 0 1664 8
m 0 1665 8
m 0 1666 8
m 0 1667 8
m 0 1668 8
m 0 1669 8
m 0 1670 8
m 0 1671 8
m 0 1672 8
m 0 1673 8
m 0 1674 8
m 0 1675 8
m 0 1676 8
m 0 1677 8
m 0 1678 8
m 0 1679 8
m 0 1680 8
m 0 1681 8
m 0 1682 8
m 0 1683 8
m 0 1684 8
m 0 1685 8
m 0 1686 8
m 0 1687 8
m 0 1688 8
m 0 1689 8
m 0 1690 8
m 0 1691 8
m 0 1692 8
m 0 1693 8
m 0 1694 8
m 0 1695 8
m 0 1696 8
m 0 1697 8
m 0 1698 8
m 0 1699 8
m 0 1700 8
m 0 1701 8
m 0 1702 8
m 0 1703 8
m 0 1704 8
m 0 1705 8
m 0 1706 8
m 0 1707 8
m 0 1708 8
m 0 1709 8
m 0 1710 8
m 0 1711 8
m 0 1712 8
m 0 1713 8
m 0 1714 8
m 0 1715 8
m 0 1716 8
m 0 1717 8
m 0 1718 8
m 0 1719 8
m 0 1720 8
m 0 1721 8
m 0 1722 8
m 0 1723 8
m 0 1724 8
m 0 1725 8
m 0 1726 8
m 0 1727 8
m 0 1728 8
m 0 1729 8
m 0 1730 8
m 0 1731 8
m 0 1732 8
m 0 1733 8
m 0 1734 8
m 0 1735 8
m 0 1736 8
m 0 1737 8
m 0 1738 8
m 0 1739 8
m 0 1740 8
m 0 1741 8
m 0 1742 8
m 0 1743 8
m 0 1744 8
m 0 1745 8
m 0 1746 8
m 0 1747 8
m 0 1748 8
m 0 1749 8
m 0 1750 8
m 0 1751 8
m 0 1752 8
m 0 1753 8
m 0 1754 8
m 0 1755 8
m 0 1756 8
m 0 1757 8
m 0 1758 8
m 0 1759 8
m 0 1760 8
m 0 1761 8
m 0 1762 8
m 0 1763 8
m 0 1764 8
m 0 1765 8
m 0 1766 8
m 0 1767 8
m 0 1768 8
m 0 1769 8
m 0 1770 8
m 0 1771 8
m 0 1772 8
m 0 1773 8
m 0 1774 8
m 0 1775 8
m 0 1776 8
m 0 1777 8
m 0 1778 8
m 0 1779 8
m 0 1780 8
m 0 1781 8
m 0 1782 8
m 0 1783 8
m 0 1784 8
m 0 1785 8
m 0 1786 8
m 0 1787 8
m 0 1788 8
m 0 1789 8
m 0 1790 8
m 0 1791 8
m 0 1792 8
m 0 1793 8
m 0 1794 8
m 0 1795 8
m 0 1796 8
m 0 1797 8
m 0 1798 8
m 0 1799 8
m 0 1800 8
m 0 1801 8
m 0 1802 8
m 0 1803 8
m 0 1804 8
m 0 1805 8
m 0 1806 8
m 0 1807 8
m 0 1808 8
m 0 1809 8
m 0 1810 8
m 0 1811 8
m 0 1812 8
m 0 1813 8
m 0 1814 8
m 0 1815 8
m 0 1816 8
m 0 1817 8
m 0 1818 8
m 0 1819 8
m 0 1820 8
m 0 1821 8
m 0 1822 8
m 0 1823 8
m 0 1824 8
m 0 1825 8
m 0 1826 8
m 0 1827 8
m 0 1828 8
m 0 1829 8
m 0 1830 8
m 0 1831 8
m 0 1832 8
m 0 1833 8
m 0 1834 8
m 0 1835 8
m 0 1836 8
m 0 1837 8
m 0 1838 8
m 0 1839 8
m 0 1840 8
m 0 1841 8
m 0 1842 8
m 0 1843 8
m 0 1844 8
m 0 1845 8
m 0 1846 8
m 0 1847 8
m 0 1848 8
m 0 1849 8
m 0 1850 8
m 0 1851 8
m 0 1852 8
m 0 1853 8
m 0 1854 8
m 0 1855 8
m 0 1856 8
m 0 1857 8
m 0 1858 8
m 0 1859 8
m 0 1860 8
m 0 1861 8
m 0 1862 8
m 0 1863 8
m 0 1864 8
m 0 1865 8
m 0 1866 8
m 0 1867 8
m 0 1868 8
m 0 1869 8
m 0 1870 8
m 0 1871 8
m 0 1872 8
m 0 1873 8
m 0 1874 8
m 0 1875 8
m 0 1876 8
m 0 1877 8
m 0 1878 8
m 0 1879 8
m 0 1880 8
m 0 1881 8
m 0 1882 8
m 0 1883 8
m 0 1884 8
m 0 1885 8
m 0 1886 8
m 0 1887 8
m 0 1888 8
m 0 1889 8
m 0 1890 8
m 0 1891 8
m 0 1892 8
m 0 1893 8
m 0 1894 8
m 0 1895 8
m 0 1896 8
m 0 1897 8
m 0 1898 8
m 0 1899 8
m 0 1900 8
m 0 1901 8
m 0 1902 8
m 0 1903 8
m 0 1904 8
m 0 1905 8
m 0 1906 8
m 0 1907 8
m 0 1908 8
m 0 1909 8
m 0 1910 8
m 0 1911 8
m 0 1912 8
m 0 1913 8
m 0 1914 8
m 0 1915 8
m 0 1916 8
m 0 1917 8
m 0 1918 8
m 0 1919 8
m 0 1920 8
m 0 1921 8
m 0 1922 8
m 0 1923 8
m 0 1924 8
m 0 1925 8
m 0 1926 8
m 0 1927 8
m 0 1928 8
m 0 1929 8
m 0 1930 8
m 0 1931 8
m 0 1932 8
m 0 1933 8
m 0 1934 8
m 0 1935 8
m 0 1936 8
m 0 1937 8
m 0 1938 8
m 0 1939 8
m 0 1940 8
m 0 1941 8
m 0 1942 8
m 0 1943 8
m 0 1944 8
m 0 1945 8
m 0 1946 8
m 0 1947 8
m 0 1948 8
m 0 1949 8
m 0 1950 8
m 0 1951 8
m 0 1952 8
m 0 1953 8
m 0 1954 8
m 0 1955 8
m 0 1956 8
m 0 1957 8
m 0 1958 8
m 0 1959 8
m 0 1960 8
m 0 1961 8
m 0 1962 8
m 0 1963 8
m 0 1964 8
m 0 1965 8
m 0 1966 8
m 0 1967 8
m 0 1968 8
m 0 1969 8
m 0 1970 8
m 0 1971 8
m 0 1972 8
m 0 1973 8
m 0 1974 8
m 0 1975 8
m 0 1976 8
m 0 1977 8
m 0 1978 8
m 0 1979 8
m 0 1980 8
m 0 1981 8
m 0 1982 8
m 0 1983 8
m 0 1984 8
m 0 1985 8
m 0 1986 8
m 0 1987 8
m 0 1988 8
m 0 1989 8
m 0 1990 8
m 0 1991 8
m 0 1992 8
m 0 1993 8
m 0 1994 8
m 0 1995 8
m 0 1996 8
m 0 1997 8
m 0 1998 8
m 0 1999 8
m 1 2000 16
m 1 2001 16
m 1 2002 16
m 1 2003 16
m 1 2004 16
m 1 2005 16
m 1 2006 16
m 1 2007 16
m 1 2008 16
m 1 2009 16
m 1 2010 16
m 1 2011 16
m 1 2012 16
m 1 2013 16
m 1 2014 16
m 1 2015 16
m 1 2016 16
m 1 2017 16
m 1 2018 16
m 1 2019 16
m 1 2020 16
m 1 2021 16
m 1 2022 16
m 1 2023 16
m 1 2024 16
m 1 2025 16
m 1 2026 16
m 1 2027 16
m 1 2028 16
m 1 2029 16
m 1 2030 16
m 1 2031 16
m 1 2032 16
m 1 2033 16
m 1 2034 16
m 1 2035 16
m 1 2036 16
m 1 2037 16
m 1 2038 16
m 1 2039 16
m 1 2040 16
m 1 2041 16
m 1 2042 16
m 1 2043 16
m 1 2044 16
m 1 2045 16
m 1 2046 16
m 1 2047 16
m 1 2048 16
m 1 2049 16
m 1 2050 16
m 1 2051 16
m 1 2052 16
m 1 2053 16
m 1 2054 16
m 1 2055 16
m 1 2056 16
m 1 2057 16
m 1 2058 16
m 1 2059 16
m 1 2060 16
m 1 2061 16
m 1 2062 16
m 1 2063 16
m 1 2064 16
m 1 2065 16
m 1 2066 16
m 1 2067 16
m 1 2068 16
m 1 2069 16
m 1 2070 16
m 1 2071 16
m 1 2072 16
m 1 2073 16
m 1 2074 16
m 1 2075 16
m 1 2076 16
m 1 2077 16
m 1 2078 16
m 1 2079 16
m 1 2080 16
m 1 2081 16
m 1 2082 16
m 1 2083 16
m 1 2084 16
m 1 2085 16
m 1 2086 16
m 1 2087 16
m 1 2088 16
m 1 2089 16
m 1 2090 16
m 1 2091 16
m 1 2092 16
m 1 2093 16
m 1 2094 16
m 1 2095 16
m 1 2096 16
m 1 2097 16
m 1 2098 16
m 1 2099 16
m 1 2100 16
m 1 2101 16
m 1 2102 16
m 1 2103 16
m 1 2104 16
m 1 2105 16
m 1 2106 16
m 1 2107 16
m 1 2108 16
m 1 2109 16
m 1 2110 16
m 1 2111 16
m 1 2112 16
m 1 2113 16
m 1 2114 16
m 1 2115 16
m 1 2116 16
m 1 2117 16
m 1 2118 16
m 1 2119 16
m 1 2120 16
m 1 2121 16
m 1 2122 16
m 1 2123 16
m 1 2124 16
m 1 2125 16
m 1 2126 16
m 1 2127 16
m 1 2128 16
m 1 2129 16
m 1 2130 16
m 1 2131 16
m 1 2132 16
m 1 2133 16
m 1 2134 16
m 1 2135 16
m 1 2136 16
m 1 2137 16
m 1 2138 16
m 1 2139 16
m 1 2140 16
m 1 2141 16
m 1 2142 16
m 1 2143 16
m 1 2144 16
m 1 2145 16
m 1 2146 16
m 1 2147 16
m 1 2148 16
m 1 2149 16
m 1 2150 16
m 1 2151 16
m 1 2152 16
m 1 2153 16
m 1 2154 16
m 1 2155 16
m 1 2156 16
m 1 2157 16
m 1 2158 16
m 1 2159 16
m 1 2160 16
m 1 2161 16
m 1 2162 16
m 1 2163 16
m 1 2164 16
m 1 2165 16
m 1 2166 16
m 1 2167 16
m 1 2168 16
m 1 2169 16
m 1 2170 16
m 1 2171 16
m 1 2172 16
m 1 2173 16
m 1 2174 16
m 1 2175 16
m 1 2176 16
m 1 2177 16
m 1 2178 16
m 1 2179 16
m 1 2180 16
m 1 2181 16
m 1 2182 16
m 1 2183 16
m 1 2184 16
m 1 2185 16
m 1 2186 16
m 1 2187 16
m 1 2188 16
m 1 2189 16
m 1 2190 16
m 1 2191 16
m 1 2192 16
m 1 2193 16
m 1 2194 16
m 1 2195 16
m 1 2196 16
m 1 2197 16
m 1 2198 16
m 1 2199 16
m 1 2200 16
m 1 2201 16
m 1 2202 16
m 1 2203 16
m 1 2204 16
m 1 2205 16
m 1 2206 16
m 1 2207 16
m 1 2208 16
m 1 2209 16
m 1 2210 16
m 1 2211 16
m 1 2212 16
m 1 2213 16
m 1 2214 16
m 1 2215 16
m 1 2216 16
m 1 2217 16
m 1 2218 16
m 1 2219 16
m 1 2220 16
m 1 2221 16
m 1 2222 16
m 1 2223 16
m 1 2224 16
m 1 2225 16
m 1 2226 16
m 1 2227 16
m 1 2228 16
m 1 2229 16
m 1 2230 16
m 1 2231 16
m 1 2232 16
m 1 2233 16
m 1 2234 16
m 1 2235 16
m 1 2236 16
m 1 2237 16
m 1 2238 16
m 1 2239 16
m 1 2240 16
m 1 2241 16
m 1 2242 16
m 1 2243 16
m 1 2244 16
m 1 2245 16
m 1 2246 16
m 1 2247 16
m 1 2248 16
m 1 2249 16
m 1 2250 16
m 1 2251 16
m 1 2252 16
m 1 2253 16
m 1 2254 16
m 1 2255 16
m 1 2256 16
m 1 2257 16
m 1 2258 16
m 1 2259 16
m 1 2260 16
m 1 2261 16
m 1 2262 16
m 1 2263 16
m 1 2264 16
m 1 2265 16
m 1 2266 16
m 1 2267 16
m 1 2268 16
m 1 2269 16
m 1 2270 16
m 1 2271 16
m 1 2272 16
m 1 2273 16
m 1 2274 16
m 1 2275 16
m 1 2276 16
m 1 2277 16
m 1 2278 16
m 1 2279 16
m 1 2280 16
m 1 2281 16
m 1 2282 16
m 1 2283 16
m 1 2284 16
m 1 2285 16
m 1 2286 16
m 1 2287 16
m 1 2288 16
m 1 2289 16
m 1 2290 16
m 1 2291 16
m 1 2292 16
m 1 2293 16
m 1 2294 16
m 1 2295 16
m 1 2296 16
m 1 2297 16
m 1 2298 16
m 1 2299 16
m 1 2300 16
m 1 2301 16
m 1 2302 16
m 1 2303 16
m 1 2304 16
m 1 2305 16
m 1 2306 16
m 1 2307 16
m 1 2308 16
m 1 2309 16
m 1 2310 16
m 1 2311 16
m 1 2312 16
m 1 2313 16
m 1 2314 16
m 1 2315 16
m 1 2316 16
m 1 2317 16
m 1 2318 16
m 1 2319 16
m 1 2320 16
m 1 2321 16
m 1 2322 16
m 1 2323 16
m 1 2324 16
m 1 2325 16
m 1 2326 16
m 1 2327 16
m 1 2328 16
m 1 2329 16
m 1 2330 16
m 1 2331 16
m 1 2332 16
m 1 2333 16
m 1 2334 16
m 1 2335 16
m 1 2336 16
m 1 2337 16
m 1 2338 16
m 1 2339 16
m 1 2340 16
m 1 2341 16
m 1 2342 16
m 1 2343 16
m 1 2344 16
m 1 2345 16
m 1 2346 16
m 1 2347 16
m 1 2348 16
m 1 2349 16
m 1 2350 16
m 1 2351 16
m 1 2352 16
m 1 2353 16
m 1 2354 16
m 1 2355 16
m 1 2356 16
m 1 2357 16
m 1 2358 16
m 1 2359 16
m 1 2360 16
m 1 2361 16
m 1 2362 16
m 1 2363 16
m 1 2364 16
m 1 2365 16
m 1 2366 16
m 1 2367 16
m 1 2368 16
m 1 2369 16
m 1 2370 16
m 1 2371 16
m 1 2372 16
m 1 2373 16
m 1 2374 16
m 1 2375 16
m 1 2376 16
m 1 2377 16
m 1 2378 16
m 1 2379 16
m 1 2380 16
m 1 2381 16
m 1 2382 16
m 1 2383 16
m 1 2384 16
m 1 2385 16
m 1 2386 16
m 1 2387 16
m 1 2388 16
m 1 2389 16
m 1 2390 16
m 1 2391 16
m 1 2392 16
m 1 2393 16
m 1 2394 16
m 1 2395 16
m 1 2396 16
m 1 2397 16
m 1 2398 16
m 1 2399 16
m 1 2400 16
m 1 2401 16
m 1 2402 16
m 1 2403 16
m 1 2404 16
m 1 2405 16
m 1 2406 16
m 1 2407 16
m 1 2408 16
m 1 2409 16
m 1 2410 16
m 1 2411 16
m 1 2412 16
m 1 2413 16
m 1 2414 16
m 1 2415 16
m 1 2416 16
m 1 2417 16
m 1 2418 16
m 1 2419 16
m 1 2420 16
m 1 2421 16
m 1 2422 16
m 1 2423 16
m 1 2424 16
m 1 2425 16
m 1 2426 16
m 1 2427 16
m 1 2428 16
m 1 2429 16
m 1 2430 16
m 1 2431 16
m 1 2432 16
m 1 2433 16
m 1 2434 16
m 1 2435 16
m 1 2436 16
m 1 2437 16
m 1 2438 16
m 1 2439 16
m 1 2440 16
m 1 2441 16
m 1 2442 16
m 1 2443 16
m 1 2444 16
m 1 2445 16
m 1 2446 16
m 1 2447 16
m 1 2448 16
m 1 2449 16
m 1 2450 16
m 1 2451 16
m 1 2452 16
m 1 2453 16
m 1 2454 16
m 1 2455 16
m 1 2456 16
m 1 2457 16
m 1 2458 16
m 1 2459 16
m 1 2460 16
m 1 2461 16
m 1 2462 16
m 1 2463 16
m 1 2464 16
m 1 2465 16
m 1 2466 16
m 1 2467 16
m 1 2468 16
m 1 2469 16
m 1 2470 16
m 1 2471 16
m 1 2472 16
m 1 2473 16
m 1 2474 16
m 1 2475 16
m 1 2476 16
m 1 2477 16
m 1 2478 16
m 1 2479 16
m 1 2480 16
m 1 2481 16
m 1 2482 16
m 1 2483 16
m 1 2484 16
m 1 2485 16
m 1 2486 16
m 1 2487 16
m 1 2488 16
m 1 2489 16
m 1 2490 16
m 1 2491 16
m 1 2492 16
m 1 2493 16
m 1 2494 16
m 1 2495 16
m 1 2496 16
m 1 2497 16
m 1 2498 16
m 1 2499 16
m 1 2500 16
m 1 2501 16
m 1 2502 16
m 1 2503 16
m 1 2504 16
m 1 2505 16
m 1 2506 16
m 1 2507 16
m 1 2508 16
m 1 2509 16
m 1 2510 16
m 1 2511 16
m 1 2512 16
m 1 2513 16
m 1 2514 16
m 1 2515 16
m 1 2516 16
m 1 2517 16
m 1 2518 16
m 1 2519 16
m 1 2520 16
m 1 2521 16
m 1 2522 16
m 1 2523 16
m 1 2524 16
m 1 2525 16
m 1 2526 16
m 1 2527 16
m 1 2528 16
m 1 2529 16
m 1 2530 16
m 1 2531 16
m 1 2532 16
m 1 2533 16
m 1 2534 16
m 1 2535 16
m 1 2536 16
m 1 2537 16
m 1 2538 16
m 1 2539 16
m 1 2540 16
m 1 2541 16
m 1 2542 16
m 1 2543 16
m 1 2544 16
m 1 2545 16
m 1 2546 16
m 1 2547 16
m 1 2548 16
m 1 2549 16
m 1 2550 16
m 1 2551 16
m 1 2552 16
m 1 2553 16
m 1 2554 16
m 1 2555 16
m 1 2556 16
m 1 2557 16
m 1 2558 16
m 1 2559 16
m 1 2560 16
m 1 2561 16
m 1 2562 16
m 1 2563 16
m 1 2564 16
m 1 2565 16
m 1 2566 16
m 1 2567 16
m 1 2568 16
m 1 2569 16
m 1 2570 16
m 1 2571 16
m 1 2572 16
m 1 2573 16
m 1 2574 16
m 1 2575 16
m 1 2576 16
m 1 2577 16
m 1 2578 16
m 1 2579 16
m 1 2580 16
m 1 2581 16
m 1 2582 16
m 1 2583 16
m 1 2584 16
m 1 2585 16
m 1 2586 16
m 1 2587 16
m 1 2588 16
m 1 2589 16
m 1 2590 16
m 1 2591 16
m 1 2592 16
m 1 2593 16
m 1 2594 16
m 1 2595 16
m 1 2596 16
m 1 2597 16
m 1 2598 16
m 1 2599 16
m 1 2600 16
m 1 2601 16
m 1 2602 16
m 1 2603 16
m 1 2604 16
m 1 2605 16
m 1 2606 16
m 1 2607 16
m 1 2608 16
m 1 2609 16
m 1 2610 16
m 1 2611 16
m 1 2612 16
m 1 2613 16
m 1 2614 16
m 1 2615 16
m 1 2616 16
m 1 2617 16
m 1 2618 16
m 1 2619 16
m 1 2620 16
m 1 2621 16
m 1 2622 16
m 1 2623 16
m 1 2624 16
m 1 2625 16
m 1 2626 16
m 1 2627 16
m 1 2628 16
m 1 2629 16
m 1 2630 16
m 1 2631 16
m 1 2632 16
m 1 2633 16
m 1 2634 16
m 1 2635 16
m 1 2636 16
m 1 2637 16
m 1 2638 16
m 1 2639 16
m 1 2640 16
m 1 2641 16
m 1 2642 16
m 1 2643 16
m 1 2644 16
m 1 2645 16
m 1 2646 16
m 1 2647 16
m 1 2648 16
m 1 2649 16
m 1 2650 16
m 1 2651 16
m 1 2652 16
m 1 2653 16
m 1 2654 16
m 1 2655 16
m 1 2656 16
m 1 2657 16
m 1 2658 16
m 1 2659 16
m 1 2660 16
m 1 2661 16
m 1 2662 16
m 1 2663 16
m 1 2664 16
m 1 2665 16
m 1 2666 16
m 1 2667 16
m 1 2668 16
m 1 2669 16
m 1 2670 16
m 1 2671 16
m 1 2672 16
m 1 2673 16
m 1 2674 16
m 1 2675 16
m 1 2676 16
m 1 2677 16
m 1 2678 16
m 1 2679 16
m 1 2680 16
m 1 2681 16
m 1 2682 16
m 1 2683 16
m 1 2684 16
m 1 2685 16
m 1 2686 16
m 1 2687 16
m 1 2688 16
m 1 2689 16
m 1 2690 16
m 1 2691 16
m 1 2692 16
m 1 2693 16
m 1 2694 16
m 1 2695 16
m 1 2696 16
m 1 2697 16
m 1 2698 16
m 1 2699 16
m 1 2700 16
m 1 2701 16
m 1 2702 16
m 1 2703 16
m 1 2704 16
m 1 2705 16
m 1 2706 16
m 1 2707 16
m 1 2708 16
m 1 2709 16
m 1 2710 16
m 1 2711 16
m 1 2712 16
m 1 2713 16
m 1 2714 16
m 1 2715 16
m 1 2716 16
m 1 2717 16
m 1 2718 16
m 1 2719 16
m 1 2720 16
m 1 2721 16
m 1 2722 16
m 1 2723 16
m 1 2724 16
m 1 2725 16
m 1 2726 16
m 1 2727 16
m 1 2728 16
m 1 2729 16
m 1 2730 16
m 1 2731 16
m 1 2732 16
m 1 2733 16
m 1 2734 16
m 1 2735 16
m 1 2736 16
m 1 2737 16
m 1 2738 16
m 1 2739 16
m 1 2740 16
m 1 2741 16
m 1 2742 16
m 1 2743 16
m 1 2744 16
m 1 2745 16
m 1 2746 16
m 1 2747 16
m 1 2748 16
m 1 2749 16
m 1 2750 16
m 1 2751 16
m 1 2752 16
m 1 2753 16
m 1 2754 16
m 1 2755 16
m 1 2756 16
m 1 2757 16
m 1 2758 16
m 1 2759 16
m 1 2760 16
m 1 2761 16
m 1 2762 16
m 1 2763 16
m 1 2764 16
m 1 2765 16
m 1 2766 16
m 1 2767 16
m 1 2768 16
m 1 2769 16
m 1 2770 16
m 1 2771 16
m 1 2772 16
m 1 2773 16
m 1 2774 16
m 1 2775 16
m 1 2776 16
m 1 2777 16
m 1 2778 16
m 1 2779 16
m 1 2780 16
m 1 2781 16
m 1 2782 16
m 1 2783 16
m 1 2784 16
m 1 2785 16
m 1 2786 16
m 1 2787 16
m 1 2788 16
m 1 2789 16
m 1 2790 16
m 1 2791 16
m 1 2792 16
m 1 2793 16
m 1 2794 16
m 1 2795 16
m 1 2796 16
m 1 2797 16
m 1 2798 16
m 1 2799 16
m 1 2800 16
m 1 2801 16
m 1 2802 16
m 1 2803 16
m 1 2804 16
m 1 2805 16
m 1 2806 16
m 1 2807 16
m 1 2808 16
m 1 2809 16
m 1 2810 16
m 1 2811 16
m 1 2812 16
m 1 2813 16
m 1 2814 16
m 1 2815 16
m 1 2816 16
m 1 2817 16
m 1 2818 16
m 1 2819 16
m 1 2820 16
m 1 2821 16
m 1 2822 16
m 1 2823 16
m 1 2824 16
m 1 2825 16
m 1 2826 16
m 1 2827 16
m 1 2828 16
m 1 2829 16
m 1 2830 16
m 1 2831 16
m 1 2832 16
m 1 2833 16
m 1 2834 16
m 1 2835 16
m 1 2836 16
m 1 2837 16
m 1 2838 16
m 1 2839 16
m 1 2840 16
m 1 2841 16
m 1 2842 16
m 1 2843 16
m 1 2844 16
m 1 2845 16
m 1 2846 16
m 1 2847 16
m 1 2848 16
m 1 2849 16
m 1 2850 16
m 1 2851 16
m 1 2852 16
m 1 2853 16
m 1 2854 16
m 1 2855 16
m 1 2856 16
m 1 2857 16
m 1 2858 16
m 1 2859 16
m 1 2860 16
m 1 2861 16
m 1 2862 16
m 1 2863 16
m 1 2864 16
m 1 2865 16
m 1 2866 16
m 1 2867 16
m 1 2868 16
m 1 2869 16
m 1 2870 16
m 1 2871 16
m 1 2872 16
m 1 2873 16
m 1 2874 16
m 1 2875 16
m 1 2876 16
m 1 2877 16
m 1 2878 16
m 1 2879 16
m 1 2880 16
m 1 2881 16
m 1 2882 16
m 1 2883 16
m 1 2884 16
m 1 2885 16
m 1 2886 16
m 1 2887 16
m 1 2888 16
m 1 2889 16
m 1 2890 16
m 1 2891 16
m 1 2892 16
m 1 2893 16
m 1 2894 16
m 1 2895 16
m 1 2896 16
m 1 2897 16
m 1 2898 16
m 1 2899 16
m 1 2900 16
m 1 2901 16
m 1 2902 16
m 1 2903 16
m 1 2904 16
m 1 2905 16
m 1 2906 16
m 1 2907 16
m 1 2908 16
m 1 2909 16
m 1 2910 16
m 1 2911 16
m 1 2912 16
m 1 2913 16
m 1 2914 16
m 1 2915 16
m 1 2916 16
m 1 2917 16
m 1 2918 16
m 1 2919 16
m 1 2920 16
m 1 2921 16
m 1 2922 16
m 1 2923 16
m 1 2924 16
m 1 2925 16
m 1 2926 16
m 1 2927 16
m 1 2928 16
m 1 2929 16
m 1 2930 16
m 1 2931 16
m 1 2932 16
m 1 2933 16
m 1 2934 16
m 1 2935 16
m 1 2936 16
m 1 2937 16
m 1 2938 16
m 1 2939 16
m 1 2940 16
m 1 2941 16
m 1 2942 16
m 1 2943 16
m 1 2944 16
m 1 2945 16
m 1 2946 16
m 1 2947 16
m 1 2948 16
m 1 2949 16
m 1 2950 16
m 1 2951 16
m 1 2952 16
m 1 2953 16
m 1 2954 16
m 1 2955 16
m 1 2956 16
m 1 2957 16
m 1 2958 16
m 1 2959 16
m 1 2960 16
m 1 2961 16
m 1 2962 16
m 1 2963 16
m 1 2964 16
m 1 2965 16
m 1 2966 16
m 1 2967 16
m 1 2968 16
m 1 2969 16
m 1 2970 16
m 1 2971 16
m 1 2972 16
m 1 2973 16
m 1 2974 16
m 1 2975 16
m 1 2976 16
m 1 2977 16
m 1 2978 16
m 1 2979 16
m 1 2980 16
m 1 2981 16
m 1 2982 16
m 1 2983 16
m 1 2984 16
m 1 2985 16
m 1 2986 16
m 1 2987 16
m 1 2988 16
m 1 2989 16
m 1 2990 16
m 1 2991 16
m 1 2992 16
m 1 2993 16
m 1 2994 16
m 1 2995 16
m 1 2996 16
m 1 2997 16
m 1 2998 16
m 1 2999 16
m 1 3000 16
m 1 3001 16
m 1 3002 16
m 1 3003 16
m 1 3004 16
m 1 3005 16
m 1 3006 16
m 1 3007 16
m 1 3008 16
m 1 3009 16
m 1 3010 16
m 1 3011 16
m 1 3012 16
m 1 3013 16
m 1 3014 16
m 1 3015 16
m 1 3016 16
m 1 3017 16
m 1 3018 16
m 1 3019 16
m 1 3020 16
m 1 3021 16
m 1 3022 16
m 1 3023 16
m 1 3024 16
m 1 3025 16
m 1 3026 16
m 1 3027 16
m 1 3028 16
m 1 3029 16
m 1 3030 16
m 1 3031 16
m 1 3032 16
m 1 3033 16
m 1 3034 16
m 1 3035 16
m 1 3036 16
m 1 3037 16
m 1 3038 16
m 1 3039 16
m 1 3040 16
m 1 3041 16
m 1 3042 16
m 1 3043 16
m 1 3044 16
m 1 3045 16
m 1 3046 16
m 1 3047 16
m 1 3048 16
m 1 3049 16
m 1 3050 16
m 1 3051 16
m 1 3052 16
m 1 3053 16
m 1 3054 16
m 1 3055 16
m 1 3056 16
m 1 3057 16
m 1 3058 16
m 1 3059 16
m 1 3060 16
m 1 3061 16
m 1 3062 16
m 1 3063 16
m 1 3064 16
m 1 3065 16
m 1 3066 16
m 1 3067 16
m 1 3068 16
m 1 3069 16
m 1 3070 16
m 1 3071 16
m 1 3072 16
m 1 3073 16
m 1 3074 16
m 1 3075 16
m 1 3076 16
m 1 3077 16
m 1 3078 16
m 1 3079 16
m 1 3080 16
m 1 3081 16
m 1 3082 16
m 1 3083 16
m 1 3084 16
m 1 3085 16
m 1 3086 16
m 1 3087 16
m 1 3088 16
m 1 3089 16
m 1 3090 16
m 1 3091 16
m 1 3092 16
m 1 3093 16
m 1 3094 16
m 1 3095 16
m 1 3096 16
m 1 3097 16
m 1 3098 16
m 1 3099 16
m 1 3100 16
m 1 3101 16
m 1 3102 16
m 1 3103 16
m 1 3104 16
m 1 3105 16
m 1 3106 16
m 1 3107 16
m 1 3108 16
m 1 3109 16
m 1 3110 16
m 1 3111 16
m 1 3112 16
m 1 3113 16
m 1 3114 16
m 1 3115 16
m 1 3116 16
m 1 3117 16
m 1 3118 16
m 1 3119 16
m 1 3120 16
m 1 3121 16
m 1 3122 16
m 1 3123 16
m 1 3124 16
m 1 3125 16
m 1 3126 16
m 1 3127 16
m 1 3128 16
m 1 3129 16
m 1 3130 16
m 1 3131 16
m 1 3132 16
m 1 3133 16
m 1 3134 16
m 1 3135 16
m 1 3136 16
m 1 3137 16
m 1 3138 16
m 1 3139 16
m 1 3140 16
m 1 3141 16
m 1 3142 16
m 1 3143 16
m 1 3144 16
m 1 3145 16
m 1 3146 16
m 1 3147 16
m 1 3148 16
m 1 3149 16
m 1 3150 16
m 1 3151 16
m 1 3152 16
m 1 3153 16
m 1 3154 16
m 1 3155 16
m 1 3156 16
m 1 3157 16
m 1 3158 16
m 1 3159 16
m 1 3160 16
m 1 3161 16
m 1 3162 16
m 1 3163 16
m 1 3164 16
m 1 3165 16
m 1 3166 16
m 1 3167 16
m 1 3168 16
m 1 3169 16
m 1 3170 16
m 1 3171 16
m 1 3172 16
m 1 3173 16
m 1 3174 16
m 1 3175 16
m 1 3176 16
m 1 3177 16
m 1 3178 16
m 1 3179 16
m 1 3180 16
m 1 3181 16
m 1 3182 16
m 1 3183 16
m 1 3184 16
m 1 3185 16
m 1 3186 16
m 1 3187 16
m 1 3188 16
m 1 3189 16
m 1 3190 16
m 1 3191 16
m 1 3192 16
m 1 3193 16
m 1 3194 16
m 1 3195 16
m 1 3196 16
m 1 3197 16
m 1 3198 16
m 1 3199 16
m 1 3200 16
m 1 3201 16
m 1 3202 16
m 1 3203 16
m 1 3204 16
m 1 3205 16
m 1 3206 16
m 1 3207 16
m 1 3208 16
m 1 3209 16
m 1 3210 16
m 1 3211 16
m 1 3212 16
m 1 3213 16
m 1 3214 16
m 1 3215 16
m 1 3216 16
m 1 3217 16
m 1 3218 16
m 1 3219 16
m 1 3220 16
m 1 3221 16
m 1 3222 16
m 1 3223 16
m 1 3224 16
m 1 3225 16
m 1 3226 16
m 1 3227 16
m 1 3228 16
m 1 3229 16
m 1 3230 16
m 1 3231 16
m 1 3232 16
m 1 3233 16
m 1 3234 16
m 1 3235 16
m 1 3236 16
m 1 3237 16
m 1 3238 16
m 1 3239 16
m 1 3240 16
m 1 3241 16
m 1 3242 16
m 1 3243 16
m 1 3244 16
m 1 3245 16
m 1 3246 16
m 1 3247 16
m 1 3248 16
m 1 3249 16
m 1 3250 16
m 1 3251 16
m 1 3252 16
m 1 3253 16
m 1 3254 16
m 1 3255 16
m 1 3256 16
m 1 3257 16
m 1 3258 16
m 1 3259 16
m 1 3260 16
m 1 3261 16
m 1 3262 16
m 1 3263 16
m 1 3264 16
m 1 3265 16
m 1 3266 16
m 1 3267 16
m 1 3268 16
m 1 3269 16
m 1 3270 16
m 1 3271 16
m 1 3272 16
m 1 3273 16
m 1 3274 16
m 1 3275 16
m 1 3276 16
m 1 3277 16
m 1 3278 16
m 1 3279 16
m 1 3280 16
m 1 3281 16
m 1 3282 16
m 1 3283 16
m 1 3284 16
m 1 3285 16
m 1 3286 16
m 1 3287 16
m 1 3288 16
m 1 3289 16
m 1 3290 16
m 1 3291 16
m 1 3292 16
m 1 3293 16
m 1 3294 16
m 1 3295 16
m 1 3296 16
m 1 3297 16
m 1 3298 16
m 1 3299 16
m 1 3300 16
m 1 3301 16
m 1 3302 16
m 1 3303 16
m 1 3304 16
m 1 3305 16
m 1 3306 16
m 1 3307 16
m 1 3308 16
m 1 3309 16
m 1 3310 16
m 1 3311 16
m 1 3312 16
m 1 3313 16
m 1 3314 16
m 1 3315 16
m 1 3316 16
m 1 3317 16
m 1 3318 16
m 1 3319 16
m 1 3320 16
m 1 3321 16
m 1 3322 16
m 1 3323 16
m 1 3324 16
m 1 3325 16
m 1 3326 16
m 1 3327 16
m 1 3328 16
m 1 3329 16
m 1 3330 16
m 1 3331 16
m 1 3332 16
m 1 3333 16
m 1 3334 16
m 1 3335 16
m 1 3336 16
m 1 3337 16
m 1 3338 16
m 1 3339 16
m 1 3340 16
m 1 3341 16
m 1 3342 16
m 1 3343 16
m 1 3344 16
m 1 3345 16
m 1 3346 16
m 1 3347 16
m 1 3348 16
m 1 3349 16
m 1 3350 16
m 1 3351 16
m 1 3352 16
m 1 3353 16
m 1 3354 16
m 1 3355 16
m 1 3356 16
m 1 3357 16
m 1 3358 16
m 1 3359 16
m 1 3360 16
m 1 3361 16
m 1 3362 16
m 1 3363 16
m 1 3364 16
m 1 3365 16
m 1 3366 16
m 1 3367 16
m 1 3368 16
m 1 3369 16
m 1 3370 16
m 1 3371 16
m 1 3372 16
m 1 3373 16
m 1 3374 16
m 1 3375 16
m 1 3376 16
m 1 3377 16
m 1 3378 16
m 1 3379 16
m 1 3380 16
m 1 3381 16
m 1 3382 16
m 1 3383 16
m 1 3384 16
m 1 3385 16
m 1 3386 16
m 1 3387 16
m 1 3388 16
m 1 3389 16
m 1 3390 16
m 1 3391 16
m 1 3392 16
m 1 3393 16
m 1 3394 16
m 1 3395 16
m 1 3396 16
m 1 3397 16
m 1 3398 16
m 1 3399 16
m 1 3400 16
m 1 3401 16
m 1 3402 16
m 1 3403 16
m 1 3404 16
m 1 3405 16
m 1 3406 16
m 1 3407 16
m 1 3408 16
m 1 3409 16
m 1 3410 16
m 1 3411 16
m 1 3412 16
m 1 3413 16
m 1 3414 16
m 1 3415 16
m 1 3416 16
m 1 3417 16
m 1 3418 16
m 1 3419 16
m 1 3420 16
m 1 3421 16
m 1 3422 16
m 1 3423 16
m 1 3424 16
m 1 3425 16
m 1 3426 16
m 1 3427 16
m 1 3428 16
m 1 3429 16
m 1 3430 16
m 1 3431 16
m 1 3432 16
m 1 3433 16
m 1 3434 16
m 1 3435 16
m 1 3436 16
m 1 3437 16
m 1 3438 16
m 1 3439 16
m 1 3440 16
m 1 3441 16
m 1 3442 16
m 1 3443 16
m 1 3444 16
m 1 3445 16
m 1 3446 16
m 1 3447 16
m 1 3448 16
m 1 3449 16
m 1 3450 16
m 1 3451 16
m 1 3452 16
m 1 3453 16
m 1 3454 16
m 1 3455 16
m 1 3456 16
m 1 3457 16
m 1 3458 16
m 1 3459 16
m 1 3460 16
m 1 3461 16
m 1 3462 16
m 1 3463 16
m 1 3464 16
m 1 3465 16
m 1 3466 16
m 1 3467 16
m 1 3468 16
m 1 3469 16
m 1 3470 16
m 1 3471 16
m 1 3472 16
m 1 3473 16
m 1 3474 16
m 1 3475 16
m 1 3476 16
m 1 3477 16
m 1 3478 16
m 1 3479 16
m 1 3480 16
m 1 3481 16
m 1 3482 16
m 1 3483 16
m 1 3484 16
m 1 3485 16
m 1 3486 16
m 1 3487 16
m 1 3488 16
m 1 3489 16
m 1 3490 16
m 1 3491 16
m 1 3492 16
m 1 3493 16
m 1 3494 16
m 1 3495 16
m 1 3496 16
m 1 3497 16
m 1 3498 16
m 1 3499 16
m 1 3500 16
m 1 3501 16
m 1 3502 16
m 1 3503 16
m 1 3504 16
m 1 3505 16
m 1 3506 16
m 1 3507 16
m 1 3508 16
m 1 3509 16
m 1 3510 16
m 1 3511 16
m 1 3512 16
m 1 3513 16
m 1 3514 16
m 1 3515 16
m 1 3516 16
m 1 3517 16
m 1 3518 16
m 1 3519 16
m 1 3520 16
m 1 3521 16
m 1 3522 16
m 1 3523 16
m 1 3524 16
m 1 3525 16
m 1 3526 16
m 1 3527 16
m 1 3528 16
m 1 3529 16
m 1 3530 16
m 1 3531 16
m 1 3532 16
m 1 3533 16
m 1 3534 16
m 1 3535 16
m 1 3536 16
m 1 3537 16
m 1 3538 16
m 1 3539 16
m 1 3540 16
m 1 3541 16
m 1 3542 16
m 1 3543 16
m 1 3544 16
m 1 3545 16
m 1 3546 16
m 1 3547 16
m 1 3548 16
m 1 3549 16
m 1 3550 16
m 1 3551 16
m 1 3552 16
m 1 3553 16
m 1 3554 16
m 1 3555 16
m 1 3556 16
m 1 3557 16
m 1 3558 16
m 1 3559 16
m 1 3560 16
m 1 3561 16
m 1 3562 16
m 1 3563 16
m 1 3564 16
m 1 3565 16
m 1 3566 16
m 1 3567 16
m 1 3568 16
m 1 3569 16
m 1 3570 16
m 1 3571 16
m 1 3572 16
m 1 3573 16
m 1 3574 16
m 1 3575 16
m 1 3576 16
m 1 3577 16
m 1 3578 16
m 1 3579 16
m 1 3580 16
m 1 3581 16
m 1 3582 16
m 1 3583 16
m 1 3584 16
m 1 3585 16
m 1 3586 16
m 1 3587 16
m 1 3588 16
m 1 3589 16
m 1 3590 16
m 1 3591 16
m 1 3592 16
m 1 3593 16
m 1 3594 16
m 1 3595 16
m 1 3596 16
m 1 3597 16
m 1 3598 16
m 1 3599 16
m 1 3600 16
m 1 3601 16
m 1 3602 16
m 1 3603 16
m 1 3604 16
m 1 3605 16
m 1 3606 16
m 1 3607 16
m 1 3608 16
m 1 3609 16
m 1 3610 16
m 1 3611 16
m 1 3612 16
m 1 3613 16
m 1 3614 16
m 1 3615 16
m 1 3616 16
m 1 3617 16
m 1 3618 16
m 1 3619 16
m 1 3620 16
m 1 3621 16
m 1 3622 16
m 1 3623 16
m 1 3624 16
m 1 3625 16
m 1 3626 16
m 1 3627 16
m 1 3628 16
m 1 3629 16
m 1 3630 16
m 1 3631 16
m 1 3632 16
m 1 3633 16
m 1 3634 16
m 1 3635 16
m 1 3636 16
m 1 3637 16
m 1 3638 16
m 1 3639 16
m 1 3640 16
m 1 3641 16
m 1 3642 16
m 1 3643 16
m 1 3644 16
m 1 3645 16
m 1 3646 16
m 1 3647 16
m 1 3648 16
m 1 3649 16
m 1 3650 16
m 1 3651 16
m 1 3652 16
m 1 3653 16
m 1 3654 16
m 1 3655 16
m 1 3656 16
m 1 3657 16
m 1 3658 16
m 1 3659 16
m 1 3660 16
m 1 3661 16
m 1 3662 16
m 1 3663 16
m 1 3664 16
m 1 3665 16
m 1 3666 16
m 1 3667 16
m 1 3668 16
m 1 3669 16
m 1 3670 16
m 1 3671 16
m 1 3672 16
m 1 3673 16
m 1 3674 16
m 1 3675 16
m 1 3676 16
m 1 3677 16
m 1 3678 16
m 1 3679 16
m 1 3680 16
m 1 3681 16
m 1 3682 16
m 1 3683 16
m 1 3684 16
m 1 3685 16
m 1 3686 16
m 1 3687 16
m 1 3688 16
m 1 3689 16
m 1 3690 16
m 1 3691 16
m 1 3692 16
m 1 3693 16
m 1 3694 16
m 1 3695 16
m 1 3696 16
m 1 3697 16
m 1 3698 16
m 1 3699 16
m 1 3700 16
m 1 3701 16
m 1 3702 16
m 1 3703 16
m 1 3704 16
m 1 3705 16
m 1 3706 16
m 1 3707 16
m 1 3708 16
m 1 3709 16
m 1 3710 16
m 1 3711 16
m 1 3712 16
m 1 3713 16
m 1 3714 16
m 1 3715 16
m 1 3716 16
m 1 3717 16
m 1 3718 16
m 1 3719 16
m 1 3720 16
m 1 3721 16
m 1 3722 16
m 1 3723 16
m 1 3724 16
m 1 3725 16
m 1 3726 16
m 1 3727 16
m 1 3728 16
m 1 3729 16
m 1 3730 16
m 1 3731 16
m 1 3732 16
m 1 3733 16
m 1 3734 16
m 1 3735 16
m 1 3736 16
m 1 3737 16
m 1 3738 16
m 1 3739 16
m 1 3740 16
m 1 3741 16
m 1 3742 16
m 1 3743 16
m 1 3744 16
m 1 3745 16
m 1 3746 16
m 1 3747 16
m 1 3748 16
m 1 3749 16
m 1 3750 16
m 1 3751 16
m 1 3752 16
m 1 3753 16
m 1 3754 16
m 1 3755 16
m 1 3756 16
m 1 3757 16
m 1 3758 16
m 1 3759 16
m 1 3760 16
m 1 3761 16
m 1 3762 16
m 1 3763 16
m 1 3764 16
m 1 3765 16
m 1 3766 16
m 1 3767 16
m 1 3768 16
m 1 3769 16
m 1 3770 16
m 1 3771 16
m 1 3772 16
m 1 3773 16
m 1 3774 16
m 1 3775 16
m 1 3776 16
m 1 3777 16
m 1 3778 16
m 1 3779 16
m 1 3780 16
m 1 3781 16
m 1 3782 16
m 1 3783 16
m 1 3784 16
m 1 3785 16
m 1 3786 16
m 1 3787 16
m 1 3788 16
m 1 3789 16
m 1 3790 16
m 1 3791 16
m 1 3792 16
m 1 3793 16
m 1 3794 16
m 1 3795 16
m 1 3796 16
m 1 3797 16
m 1 3798 16
m 1 3799 16
m 1 3800 16
m 1 3801 16
m 1 3802 16
m 1 3803 16
m 1 3804 16
m 1 3805 16
m 1 3806 16
m 1 3807 16
m 1 3808 16
m 1 3809 16
m 1 3810 16
m 1 3811 16
m 1 3812 16
m 1 3813 16
m 1 3814 16
m 1 3815 16
m 1 3816 16
m 1 3817 16
m 1 3818 16
m 1 3819 16
m 1 3820 16
m 1 3821 16
m 1 3822 16
m 1 3823 16
m 1 3824 16
m 1 3825 16
m 1 3826 16
m 1 3827 16
m 1 3828 16
m 1 3829 16
m 1 3830 16
m 1 3831 16
m 1 3832 16
m 1 3833 16
m 1 3834 16
m 1 3835 16
m 1 3836 16
m 1 3837 16
m 1 3838 16
m 1 3839 16
m 1 3840 16
m 1 3841 16
m 1 3842 16
m 1 3843 16
m 1 3844 16
m 1 3845 16
m 1 3846 16
m 1 3847 16
m 1 3848 16
m 1 3849 16
m 1 3850 16
m 1 3851 16
m 1 3852 16
m 1 3853 16
m 1 3854 16
m 1 3855 16
m 1 3856 16
m 1 3857 16
m 1 3858 16
m 1 3859 16
m 1 3860 16
m 1 3861 16
m 1 3862 16
m 1 3863 16
m 1 3864 16
m 1 3865 16
m 1 3866 16
m 1 3867 16
m 1 3868 16
m 1 3869 16
m 1 3870 16
m 1 3871 16
m 1 3872 16
m 1 3873 16
m 1 3874 16
m 1 3875 16
m 1 3876 16
m 1 3877 16
m 1 3878 16
m 1 3879 16
m 1 3880 16
m 1 3881 16
m 1 3882 16
m 1 3883 16
m 1 3884 16
m 1 3885 16
m 1 3886 16
m 1 3887 16
m 1 3888 16
m 1 3889 16
m 1 3890 16
m 1 3891 16
m 1 3892 16
m 1 3893 16
m 1 3894 16
m 1 3895 16
m 1 3896 16
m 1 3897 16
m 1 3898 16
m 1 3899 16
m 1 3900 16
m 1 3901 16
m 1 3902 16
m 1 3903 16
m 1 3904 16
m 1 3905 16
m 1 3906 16
m 1 3907 16
m 1 3908 16
m 1 3909 16
m 1 3910 16
m 1 3911 16
m 1 3912 16
m 1 3913 16
m 1 3914 16
m 1 3915 16
m 1 3916 16
m 1 3917 16
m 1 3918 16
m 1 3919 16
m 1 3920 16
m 1 3921 16
m 1 3922 16
m 1 3923 16
m 1 3924 16
m 1 3925 16
m 1 3926 16
m 1 3927 16
m 1 3928 16
m 1 3929 16
m 1 3930 16
m 1 3931 16
m 1 3932 16
m 1 3933 16
m 1 3934 16
m 1 3935 16
m 1 3936 16
m 1 3937 16
m 1 3938 16
m 1 3939 16
m 1 3940 16
m 1 3941 16
m 1 3942 16
m 1 3943 16
m 1 3944 16
m 1 3945 16
m 1 3946 16
m 1 3947 16
m 1 3948 16
m 1 3949 16
m 1 3950 16
m 1 3951 16
m 1 3952 16
m 1 3953 16
m 1 3954 16
m 1 3955 16
m 1 3956 16
m 1 3957 16
m 1 3958 16
m 1 3959 16
m 1 3960 16
m 1 3961 16
m 1 3962 16
m 1 3963 16
m 1 3964 16
m 1 3965 16
m 1 3966 16
m 1 3967 16
m 1 3968 16
m 1 3969 16
m 1 3970 16
m 1 3971 16
m 1 3972 16
m 1 3973 16
m 1 3974 16
m 1 3975 16
m 1 3976 16
m 1 3977 16
m 1 3978 16
m 1 3979 16
m 1 3980 16
m 1 3981 16
m 1 3982 16
m 1 3983 16
m 1 3984 16
m 1 3985 16
m 1 3986 16
m 1 3987 16
m 1 3988 16
m 1 3989 16
m 1 3990 16
m 1 3991 16
m 1 3992 16
m 1 3993 16
m 1 3994 16
m 1 3995 16
m 1 3996 16
m 1 3997 16
m 1 3998 16
m 1 3999 16
m 2 4000 32
m 2 4001 32
m 2 4002 32
m 2 4003 32
m 2 4004 32
m 2 4005 32
m 2 4006 32
m 2 4007 32
m 2 4008 32
m 2 4009 32
m 2 4010 32
m 2 4011 32
m 2 4012 32
m 2 4013 32
m 2 4014 32
m 2 4015 32
m 2 4016 32
m 2 4017 32
m 2 4018 32
m 2 4019 32
m 2 4020 32
m 2 4021 32
m 2 4022 32
m 2 4023 32
m 2 4024 32
m 2 4025 32
m 2 4026 32
m 2 4027 32
m 2 4028 32
m 2 4029 32
m 2 4030 32
m 2 4031 32
m 2 4032 32
m 2 4033 32
m 2 4034 32
m 2 4035 32
m 2 4036 32
m 2 4037 32
m 2 4038 32
m 2 4039 32
m 2 4040 32
m 2 4041 32
m 2 4042 32
m 2 4043 32
m 2 4044 32
m 2 4045 32
m 2 4046 32
m 2 4047 32
m 2 4048 32
m 2 4049 32
m 2 4050 32
m 2 4051 32
m 2 4052 32
m 2 4053 32
m 2 4054 32
m 2 4055 32
m 2 4056 32
m 2 4057 32
m 2 4058 32
m 2 4059 32
m 2 4060 32
m 2 4061 32
m 2 4062 32
m 2 4063 32
m 2 4064 32
m 2 4065 32
m 2 4066 32
m 2 4067 32
m 2 4068 32
m 2 4069 32
m 2 4070 32
m 2 4071 32
m 2 4072 32
m 2 4073 32
m 2 4074 32
m 2 4075 32
m 2 4076 32
m 2 4077 32
m 2 4078 32
m 2 4079 32
m 2 4080 32
m 2 4081 32
m 2 4082 32
m 2 4083 32
m 2 4084 32
m 2 4085 32
m 2 4086 32
m 2 4087 32
m 2 4088 32
m 2 4089 32
m 2 4090 32
m 2 4091 32
m 2 4092 32
m 2 4093 32
m 2 4094 32
m 2 4095 32
m 2 4096 32
m 2 4097 32
m 2 4098 32
m 2 4099 32
m 2 4100 32
m 2 4101 32
m 2 4102 32
m 2 4103 32
m 2 4104 32
m 2 4105 32
m 2 4106 32
m 2 4107 32
m 2 4108 32
m 2 4109 32
m 2 4110 32
m 2 4111 32
m 2 4112 32
m 2 4113 32
m 2 4114 32
m 2 4115 32
m 2 4116 32
m 2 4117 32
m 2 4118 32
m 2 4119 32
m 2 4120 32
m 2 4121 32
m 2 4122 32
m 2 4123 32
m 2 4124 32
m 2 4125 32
m 2 4126 32
m 2 4127 32
m 2 4128 32
m 2 4129 32
m 2 4130 32
m 2 4131 32
m 2 4132 32
m 2 4133 32
m 2 4134 32
m 2 4135 32
m 2 4136 32
m 2 4137 32
m 2 4138 32
m 2 4139 32
m 2 4140 32
m 2 4141 32
m 2 4142 32
m 2 4143 32
m 2 4144 32
m 2 4145 32
m 2 4146 32
m 2 4147 32
m 2 4148 32
m 2 4149 32
m 2 4150 32
m 2 4151 32
m 2 4152 32
m 2 4153 32
m 2 4154 32
m 2 4155 32
m 2 4156 32
m 2 4157 32
m 2 4158 32
m 2 4159 32
m 2 4160 32
m 2 4161 32
m 2 4162 32
m 2 4163 32
m 2 4164 32
m 2 4165 32
m 2 4166 32
m 2 4167 32
m 2 4168 32
m 2 4169 32
m 2 4170 32
m 2 4171 32
m 2 4172 32
m 2 4173 32
m 2 4174 32
m 2 4175 32
m 2 4176 32
m 2 4177 32
m 2 4178 32
m 2 4179 32
m 2 4180 32
m 2 4181 32
m 2 4182 32
m 2 4183 32
m 2 4184 32
m 2 4185 32
m 2 4186 32
m 2 4187 32
m 2 4188 32
m 2 4189 32
m 2 4190 32
m 2 4191 32
m 2 4192 32
m 2 4193 32
m 2 4194 32
m 2 4195 32
m 2 4196 32
m 2 4197 32
m 2 4198 32
m 2 4199 32
m 2 4200 32
m 2 4201 32
m 2 4202 32
m 2 4203 32
m 2 4204 32
m 2 4205 32
m 2 4206 32
m 2 4207 32
m 2 4208 32
m 2 4209 32
m 2 4210 32
m 2 4211 32
m 2 4212 32
m 2 4213 32
m 2 4214 32
m 2 4215 32
m 2 4216 32
m 2 4217 32
m 2 4218 32
m 2 4219 32
m 2 4220 32
m 2 4221 32
m 2 4222 32
m 2 4223 32
m 2 4224 32
m 2 4225 32
m 2 4226 32
m 2 4227 32
m 2 4228 32
m 2 4229 32
m 2 4230 32
m 2 4231 32
m 2 4232 32
m 2 4233 32
m 2 4234 32
m 2 4235 32
m 2 4236 32
m 2 4237 32
m 2 4238 32
m 2 4239 32
m 2 4240 32
m 2 4241 32
m 2 4242 32
m 2 4243 32
m 2 4244 32
m 2 4245 32
m 2 4246 32
m 2 4247 32
m 2 4248 32
m 2 4249 32
m 2 4250 32
m 2 4251 32
m 2 4252 32
m 2 4253 32
m 2 4254 32
m 2 4255 32
m 2 4256 32
m 2 4257 32
m 2 4258 32
m 2 4259 32
m 2 4260 32
m 2 4261 32
m 2 4262 32
m 2 4263 32
m 2 4264 32
m 2 4265 32
m 2 4266 32
m 2 4267 32
m 2 4268 32
m 2 4269 32
m 2 4270 32
m 2 4271 32
m 2 4272 32
m 2 4273 32
m 2 4274 32
m 2 4275 32
m 2 4276 32
m 2 4277 32
m 2 4278 32
m 2 4279 32
m 2 4280 32
m 2 4281 32
m 2 4282 32
m 2 4283 32
m 2 4284 32
m 2 4285 32
m 2 4286 32
m 2 4287 32
m 2 4288 32
m 2 4289 32
m 2 4290 32
m 2 4291 32
m 2 4292 32
m 2 4293 32
m 2 4294 32
m 2 4295 32
m 2 4296 32
m 2 4297 32
m 2 4298 32
m 2 4299 32
m 2 4300 32
m 2 4301 32
m 2 4302 32
m 2 4303 32
m 2 4304 32
m 2 4305 32
m 2 4306 32
m 2 4307 32
m 2 4308 32
m 2 4309 32
m 2 4310 32
m 2 4311 32
m 2 4312 32
m 2 4313 32
m 2 4314 32
m 2 4315 32
m 2 4316 32
m 2 4317 32
m 2 4318 32
m 2 4319 32
m 2 4320 32
m 2 4321 32
m 2 4322 32
m 2 4323 32
m 2 4324 32
m 2 4325 32
m 2 4326 32
m 2 4327 32
m 2 4328 32
m 2 4329 32
m 2 4330 32
m 2 4331 32
m 2 4332 32
m 2 4333 32
m 2 4334 32
m 2 4335 32
m 2 4336 32
m 2 4337 32
m 2 4338 32
m 2 4339 32
m 2 4340 32
m 2 4341 32
m 2 4342 32
m 2 4343 32
m 2 4344 32
m 2 4345 32
m 2 4346 32
m 2 4347 32
m 2 4348 32
m 2 4349 32
m 2 4350 32
m 2 4351 32
m 2 4352 32
m 2 4353 32
m 2 4354 32
m 2 4355 32
m 2 4356 32
m 2 4357 32
m 2 4358 32
m 2 4359 32
m 2 4360 32
m 2 4361 32
m 2 4362 32
m 2 4363 32
m 2 4364 32
m 2 4365 32
m 2 4366 32
m 2 4367 32
m 2 4368 32
m 2 4369 32
m 2 4370 32
m 2 4371 32
m 2 4372 32
m 2 4373 32
m 2 4374 32
m 2 4375 32
m 2 4376 32
m 2 4377 32
m 2 4378 32
m 2 4379 32
m 2 4380 32
m 2 4381 32
m 2 4382 32
m 2 4383 32
m 2 4384 32
m 2 4385 32
m 2 4386 32
m 2 4387 32
m 2 4388 32
m 2 4389 32
m 2 4390 32
m 2 4391 32
m 2 4392 32
m 2 4393 32
m 2 4394 32
m 2 4395 32
m 2 4396 32
m 2 4397 32
m 2 4398 32
m 2 4399 32
m 2 4400 32
m 2 4401 32
m 2 4402 32
m 2 4403 32
m 2 4404 32
m 2 4405 32
m 2 4406 32
m 2 4407 32
m 2 4408 32
m 2 4409 32
m 2 4410 32
m 2 4411 32
m 2 4412 32
m 2 4413 32
m 2 4414 32
m 2 4415 32
m 2 4416 32
m 2 4417 32
m 2 4418 32
m 2 4419 32
m 2 4420 32
m 2 4421 32
m 2 4422 32
m 2 4423 32
m 2 4424 32
m 2 4425 32
m 2 4426 32
m 2 4427 32
m 2 4428 32
m 2 4429 32
m 2 4430 32
m 2 4431 32
m 2 4432 32
m 2 4433 32
m 2 4434 32
m 2 4435 32
m 2 4436 32
m 2 4437 32
m 2 4438 32
m 2 4439 32
m 2 4440 32
m 2 4441 32
m 2 4442 32
m 2 4443 32
m 2 4444 32
m 2 4445 32
m 2 4446 32
m 2 4447 32
m 2 4448 32
m 2 4449 32
m 2 4450 32
m 2 4451 32
m 2 4452 32
m 2 4453 32
m 2 4454 32
m 2 4455 32
m 2 4456 32
m 2 4457 32
m 2 4458 32
m 2 4459 32
m 2 4460 32
m 2 4461 32
m 2 4462 32
m 2 4463 32
m 2 4464 32
m 2 4465 32
m 2 4466 32
m 2 4467 32
m 2 4468 32
m 2 4469 32
m 2 4470 32
m 2 4471 32
m 2 4472 32
m 2 4473 32
m 2 4474 32
m 2 4475 32
m 2 4476 32
m 2 4477 32
m 2 4478 32
m 2 4479 32
m 2 4480 32
m 2 4481 32
m 2 4482 32
m 2 4483 32
m 2 4484 32
m 2 4485 32
m 2 4486 32
m 2 4487 32
m 2 4488 32
m 2 4489 32
m 2 4490 32
m 2 4491 32
m 2 4492 32
m 2 4493 32
m 2 4494 32
m 2 4495 32
m 2 4496 32
m 2 4497 32
m 2 4498 32
m 2 4499 32
m 2 4500 32
m 2 4501 32
m 2 4502 32
m 2 4503 32
m 2 4504 32
m 2 4505 32
m 2 4506 32
m 2 4507 32
m 2 4508 32
m 2 4509 32
m 2 4510 32
m 2 4511 32
m 2 4512 32
m 2 4513 32
m 2 4514 32
m 2 4515 32
m 2 4516 32
m 2 4517 32
m 2 4518 32
m 2 4519 32
m 2 4520 32
m 2 4521 32
m 2 4522 32
m 2 4523 32
m 2 4524 32
m 2 4525 32
m 2 4526 32
m 2 4527 32
m 2 4528 32
m 2 4529 32
m 2 4530 32
m 2 4531 32
m 2 4532 32
m 2 4533 32
m 2 4534 32
m 2 4535 32
m 2 4536 32
m 2 4537 32
m 2 4538 32
m 2 4539 32
m 2 4540 32
m 2 4541 32
m 2 4542 32
m 2 4543 32
m 2 4544 32
m 2 4545 32
m 2 4546 32
m 2 4547 32
m 2 4548 32
m 2 4549 32
m 2 4550 32
m 2 4551 32
m 2 4552 32
m 2 4553 32
m 2 4554 32
m 2 4555 32
m 2 4556 32
m 2 4557 32
m 2 4558 32
m 2 4559 32
m 2 4560 32
m 2 4561 32
m 2 4562 32
m 2 4563 32
m 2 4564 32
m 2 4565 32
m 2 4566 32
m 2 4567 32
m 2 4568 32
m 2 4569 32
m 2 4570 32
m 2 4571 32
m 2 4572 32
m 2 4573 32
m 2 4574 32
m 2 4575 32
m 2 4576 32
m 2 4577 32
m 2 4578 32
m 2 4579 32
m 2 4580 32
m 2 4581 32
m 2 4582 32
m 2 4583 32
m 2 4584 32
m 2 4585 32
m 2 4586 32
m 2 4587 32
m 2 4588 32
m 2 4589 32
m 2 4590 32
m 2 4591 32
m 2 4592 32
m 2 4593 32
m 2 4594 32
m 2 4595 32
m 2 4596 32
m 2 4597 32
m 2 4598 32
m 2 4599 32
m 2 4600 32
m 2 4601 32
m 2 4602 32
m 2 4603 32
m 2 4604 32
m 2 4605 32
m 2 4606 32
m 2 4607 32
m 2 4608 32
m 2 4609 32
m 2 4610 32
m 2 4611 32
m 2 4612 32
m 2 4613 32
m 2 4614 32
m 2 4615 32
m 2 4616 32
m 2 4617 32
m 2 4618 32
m 2 4619 32
m 2 4620 32
m 2 4621 32
m 2 4622 32
m 2 4623 32
m 2 4624 32
m 2 4625 32
m 2 4626 32
m 2 4627 32
m 2 4628 32
m 2 4629 32
m 2 4630 32
m 2 4631 32
m 2 4632 32
m 2 4633 32
m 2 4634 32
m 2 4635 32
m 2 4636 32
m 2 4637 32
m 2 4638 32
m 2 4639 32
m 2 4640 32
m 2 4641 32
m 2 4642 32
m 2 4643 32
m 2 4644 32
m 2 4645 32
m 2 4646 32
m 2 4647 32
m 2 4648 32
m 2 4649 32
m 2 4650 32
m 2 4651 32
m 2 4652 32
m 2 4653 32
m 2 4654 32
m 2 4655 32
m 2 4656 32
m 2 4657 32
m 2 4658 32
m 2 4659 32
m 2 4660 32
m 2 4661 32
m 2 4662 32
m 2 4663 32
m 2 4664 32
m 2 4665 32
m 2 4666 32
m 2 4667 32
m 2 4668 32
m 2 4669 32
m 2 4670 32
m 2 4671 32
m 2 4672 32
m 2 4673 32
m 2 4674 32
m 2 4675 32
m 2 4676 32
m 2 4677 32
m 2 4678 32
m 2 4679 32
m 2 4680 32
m 2 4681 32
m 2 4682 32
m 2 4683 32
m 2 4684 32
m 2 4685 32
m 2 4686 32
m 2 4687 32
m 2 4688 32
m 2 4689 32
m 2 4690 32
m 2 4691 32
m 2 4692 32
m 2 4693 32
m 2 4694 32
m 2 4695 32
m 2 4696 32
m 2 4697 32
m 2 4698 32
m 2 4699 32
m 2 4700 32
m 2 4701 32
m 2 4702 32
m 2 4703 32
m 2 4704 32
m 2 4705 32
m 2 4706 32
m 2 4707 32
m 2 4708 32
m 2 4709 32
m 2 4710 32
m 2 4711 32
m 2 4712 32
m 2 4713 32
m 2 4714 32
m 2 4715 32
m 2 4716 32
m 2 4717 32
m 2 4718 32
m 2 4719 32
m 2 4720 32
m 2 4721 32
m 2 4722 32
m 2 4723 32
m 2 4724 32
m 2 4725 32
m 2 4726 32
m 2 4727 32
m 2 4728 32
m 2 4729 32
m 2 4730 32
m 2 4731 32
m 2 4732 32
m 2 4733 32
m 2 4734 32
m 2 4735 32
m 2 4736 32
m 2 4737 32
m 2 4738 32
m 2 4739 32
m 2 4740 32
m 2 4741 32
m 2 4742 32
m 2 4743 32
m 2 4744 32
m 2 4745 32
m 2 4746 32
m 2 4747 32
m 2 4748 32
m 2 4749 32
m 2 4750 32
m 2 4751 32
m 2 4752 32
m 2 4753 32
m 2 4754 32
m 2 4755 32
m 2 4756 32
m 2 4757 32
m 2 4758 32
m 2 4759 32
m 2 4760 32
m 2 4761 32
m 2 4762 32
m 2 4763 32
m 2 4764 32
m 2 4765 32
m 2 4766 32
m 2 4767 32
m 2 4768 32
m 2 4769 32
m 2 4770 32
m 2 4771 32
m 2 4772 32
m 2 4773 32
m 2 4774 32
m 2 4775 32
m 2 4776 32
m 2 4777 32
m 2 4778 32
m 2 4779 32
m 2 4780 32
m 2 4781 32
m 2 4782 32
m 2 4783 32
m 2 4784 32
m 2 4785 32
m 2 4786 32
m 2 4787 32
m 2 4788 32
m 2 4789 32
m 2 4790 32
m 2 4791 32
m 2 4792 32
m 2 4793 32
m 2 4794 32
m 2 4795 32
m 2 4796 32
m 2 4797 32
m 2 4798 32
m 2 4799 32
m 2 4800 32
m 2 4801 32
m 2 4802 32
m 2 4803 32
m 2 4804 32
m 2 4805 32
m 2 4806 32
m 2 4807 32
m 2 4808 32
m 2 4809 32
m 2 4810 32
m 2 4811 32
m 2 4812 32
m 2 4813 32
m 2 4814 32
m 2 4815 32
m 2 4816 32
m 2 4817 32
m 2 4818 32
m 2 4819 32
m 2 4820 32
m 2 4821 32
m 2 4822 32
m 2 4823 32
m 2 4824 32
m 2 4825 32
m 2 4826 32
m 2 4827 32
m 2 4828 32
m 2 4829 32
m 2 4830 32
m 2 4831 32
m 2 4832 32
m 2 4833 32
m 2 4834 32
m 2 4835 32
m 2 4836 32
m 2 4837 32
m 2 4838 32
m 2 4839 32
m 2 4840 32
m 2 4841 32
m 2 4842 32
m 2 4843 32
m 2 4844 32
m 2 4845 32
m 2 4846 32
m 2 4847 32
m 2 4848 32
m 2 4849 32
m 2 4850 32
m 2 4851 32
m 2 4852 32
m 2 4853 32
m 2 4854 32
m 2 4855 32
m 2 4856 32
m 2 4857 32
m 2 4858 32
m 2 4859 32
m 2 4860 32
m 2 4861 32
m 2 4862 32
m 2 4863 32
m 2 4864 32
m 2 4865 32
m 2 4866 32
m 2 4867 32
m 2 4868 32
m 2 4869 32
m 2 4870 32
m 2 4871 32
m 2 4872 32
m 2 4873 32
m 2 4874 32
m 2 4875 32
m 2 4876 32
m 2 4877 32
m 2 4878 32
m 2 4879 32
m 2 4880 32
m 2 4881 32
m 2 4882 32
m 2 4883 32
m 2 4884 32
m 2 4885 32
m 2 4886 32
m 2 4887 32
m 2 4888 32
m 2 4889 32
m 2 4890 32
m 2 4891 32
m 2 4892 32
m 2 4893 32
m 2 4894 32
m 2 4895 32
m 2 4896 32
m 2 4897 32
m 2 4898 32
m 2 4899 32
m 2 4900 32
m 2 4901 32
m 2 4902 32
m 2 4903 32
m 2 4904 32
m 2 4905 32
m 2 4906 32
m 2 4907 32
m 2 4908 32
m 2 4909 32
m 2 4910 32
m 2 4911 32
m 2 4912 32
m 2 4913 32
m 2 4914 32
m 2 4915 32
m 2 4916 32
m 2 4917 32
m 2 4918 32
m 2 4919 32
m 2 4920 32
m 2 4921 32
m 2 4922 32
m 2 4923 32
m 2 4924 32
m 2 4925 32
m 2 4926 32
m 2 4927 32
m 2 4928 32
m 2 4929 32
m 2 4930 32
m 2 4931 32
m 2 4932 32
m 2 4933 32
m 2 4934 32
m 2 4935 32
m 2 4936 32
m 2 4937 32
m 2 4938 32
m 2 4939 32
m 2 4940 32
m 2 4941 32
m 2 4942 32
m 2 4943 32
m 2 4944 32
m 2 4945 32
m 2 4946 32
m 2 4947 32
m 2 4948 32
m 2 4949 32
m 2 4950 32
m 2 4951 32
m 2 4952 32
m 2 4953 32
m 2 4954 32
m 2 4955 32
m 2 4956 32
m 2 4957 32
m 2 4958 32
m 2 4959 32
m 2 4960 32
m 2 4961 32
m 2 4962 32
m 2 4963 32
m 2 4964 32
m 2 4965 32
m 2 4966 32
m 2 4967 32
m 2 4968 32
m 2 4969 32
m 2 4970 32
m 2 4971 32
m 2 4972 32
m 2 4973 32
m 2 4974 32
m 2 4975 32
m 2 4976 32
m 2 4977 32
m 2 4978 32
m 2 4979 32
m 2 4980 32
m 2 4981 32
m 2 4982 32
m 2 4983 32
m 2 4984 32
m 2 4985 32
m 2 4986 32
m 2 4987 32
m 2 4988 32
m 2 4989 32
m 2 4990 32
m 2 4991 32
m 2 4992 32
m 2 4993 32
m 2 4994 32
m 2 4995 32
m 2 4996 32
m 2 4997 32
m 2 4998 32
m 2 4999 32
m 2 5000 32
m 2 5001 32
m 2 5002 32
m 2 5003 32
m 2 5004 32
m 2 5005 32
m 2 5006 32
m 2 5007 32
m 2 5008 32
m 2 5009 32
m 2 5010 32
m 2 5011 32
m 2 5012 32
m 2 5013 32
m 2 5014 32
m 2 5015 32
m 2 5016 32
m 2 5017 32
m 2 5018 32
m 2 5019 32
m 2 5020 32
m 2 5021 32
m 2 5022 32
m 2 5023 32
m 2 5024 32
m 2 5025 32
m 2 5026 32
m 2 5027 32
m 2 5028 32
m 2 5029 32
m 2 5030 32
m 2 5031 32
m 2 5032 32
m 2 5033 32
m 2 5034 32
m 2 5035 32
m 2 5036 32
m 2 5037 32
m 2 5038 32
m 2 5039 32
m 2 5040 32
m 2 5041 32
m 2 5042 32
m 2 5043 32
m 2 5044 32
m 2 5045 32
m 2 5046 32
m 2 5047 32
m 2 5048 32
m 2 5049 32
m 2 5050 32
m 2 5051 32
m 2 5052 32
m 2 5053 32
m 2 5054 32
m 2 5055 32
m 2 5056 32
m 2 5057 32
m 2 5058 32
m 2 5059 32
m 2 5060 32
m 2 5061 32
m 2 5062 32
m 2 5063 32
m 2 5064 32
m 2 5065 32
m 2 5066 32
m 2 5067 32
m 2 5068 32
m 2 5069 32
m 2 5070 32
m 2 5071 32
m 2 5072 32
m 2 5073 32
m 2 5074 32
m 2 5075 32
m 2 5076 32
m 2 5077 32
m 2 5078 32
m 2 5079 32
m 2 5080 32
m 2 5081 32
m 2 5082 32
m 2 5083 32
m 2 5084 32
m 2 5085 32
m 2 5086 32
m 2 5087 32
m 2 5088 32
m 2 5089 32
m 2 5090 32
m 2 5091 32
m 2 5092 32
m 2 5093 32
m 2 5094 32
m 2 5095 32
m 2 5096 32
m 2 5097 32
m 2 5098 32
m 2 5099 32
m 2 5100 32
m 2 5101 32
m 2 5102 32
m 2 5103 32
m 2 5104 32
m 2 5105 32
m 2 5106 32
m 2 5107 32
m 2 5108 32
m 2 5109 32
m 2 5110 32
m 2 5111 32
m 2 5112 32
m 2 5113 32
m 2 5114 32
m 2 5115 32
m 2 5116 32
m 2 5117 32
m 2 5118 32
m 2 5119 32
m 2 5120 32
m 2 5121 32
m 2 5122 32
m 2 5123 32
m 2 5124 32
m 2 5125 32
m 2 5126 32
m 2 5127 32
m 2 5128 32
m 2 5129 32
m 2 5130 32
m 2 5131 32
m 2 5132 32
m 2 5133 32
m 2 5134 32
m 2 5135 32
m 2 5136 32
m 2 5137 32
m 2 5138 32
m 2 5139 32
m 2 5140 32
m 2 5141 32
m 2 5142 32
m 2 5143 32
m 2 5144 32
m 2 5145 32
m 2 5146 32
m 2 5147 32
m 2 5148 32
m 2 5149 32
m 2 5150 32
m 2 5151 32
m 2 5152 32
m 2 5153 32
m 2 5154 32
m 2 5155 32
m 2 5156 32
m 2 5157 32
m 2 5158 32
m 2 5159 32
m 2 5160 32
m 2 5161 32
m 2 5162 32
m 2 5163 32
m 2 5164 32
m 2 5165 32
m 2 5166 32
m 2 5167 32
m 2 5168 32
m 2 5169 32
m 2 5170 32
m 2 5171 32
m 2 5172 32
m 2 5173 32
m 2 5174 32
m 2 5175 32
m 2 5176 32
m 2 5177 32
m 2 5178 32
m 2 5179 32
m 2 5180 32
m 2 5181 32
m 2 5182 32
m 2 5183 32
m 2 5184 32
m 2 5185 32
m 2 5186 32
m 2 5187 32
m 2 5188 32
m 2 5189 32
m 2 5190 32
m 2 5191 32
m 2 5192 32
m 2 5193 32
m 2 5194 32
m 2 5195 32
m 2 5196 32
m 2 5197 32
m 2 5198 32
m 2 5199 32
m 2 5200 32
m 2 5201 32
m 2 5202 32
m 2 5203 32
m 2 5204 32
m 2 5205 32
m 2 5206 32
m 2 5207 32
m 2 5208 32
m 2 5209 32
m 2 5210 32
m 2 5211 32
m 2 5212 32
m 2 5213 32
m 2 5214 32
m 2 5215 32
m 2 5216 32
m 2 5217 32
m 2 5218 32
m 2 5219 32
m 2 5220 32
m 2 5221 32
m 2 5222 32
m 2 5223 32
m 2 5224 32
m 2 5225 32
m 2 5226 32
m 2 5227 32
m 2 5228 32
m 2 5229 32
m 2 5230 32
m 2 5231 32
m 2 5232 32
m 2 5233 32
m 2 5234 32
m 2 5235 32
m 2 5236 32
m 2 5237 32
m 2 5238 32
m 2 5239 32
m 2 5240 32
m 2 5241 32
m 2 5242 32
m 2 5243 32
m 2 5244 32
m 2 5245 32
m 2 5246 32
m 2 5247 32
m 2 5248 32
m 2 5249 32
m 2 5250 32
m 2 5251 32
m 2 5252 32
m 2 5253 32
m 2 5254 32
m 2 5255 32
m 2 5256 32
m 2 5257 32
m 2 5258 32
m 2 5259 32
m 2 5260 32
m 2 5261 32
m 2 5262 32
m 2 5263 32
m 2 5264 32
m 2 5265 32
m 2 5266 32
m 2 5267 32
m 2 5268 32
m 2 5269 32
m 2 5270 32
m 2 5271 32
m 2 5272 32
m 2 5273 32
m 2 5274 32
m 2 5275 32
m 2 5276 32
m 2 5277 32
m 2 5278 32
m 2 5279 32
m 2 5280 32
m 2 5281 32
m 2 5282 32
m 2 5283 32
m 2 5284 32
m 2 5285 32
m 2 5286 32
m 2 5287 32
m 2 5288 32
m 2 5289 32
m 2 5290 32
m 2 5291 32
m 2 5292 32
m 2 5293 32
m 2 5294 32
m 2 5295 32
m 2 5296 32
m 2 5297 32
m 2 5298 32
m 2 5299 32
m 2 5300 32
m 2 5301 32
m 2 5302 32
m 2 5303 32
m 2 5304 32
m 2 5305 32
m 2 5306 32
m 2 5307 32
m 2 5308 32
m 2 5309 32
m 2 5310 32
m 2 5311 32
m 2 5312 32
m 2 5313 32
m 2 5314 32
m 2 5315 32
m 2 5316 32
m 2 5317 32
m 2 5318 32
m 2 5319 32
m 2 5320 32
m 2 5321 32
m 2 5322 32
m 2 5323 32
m 2 5324 32
m 2 5325 32
m 2 5326 32
m 2 5327 32
m 2 5328 32
m 2 5329 32
m 2 5330 32
m 2 5331 32
m 2 5332 32
m 2 5333 32
m 2 5334 32
m 2 5335 32
m 2 5336 32
m 2 5337 32
m 2 5338 32
m 2 5339 32
m 2 5340 32
m 2 5341 32
m 2 5342 32
m 2 5343 32
m 2 5344 32
m 2 5345 32
m 2 5346 32
m 2 5347 32
m 2 5348 32
m 2 5349 32
m 2 5350 32
m 2 5351 32
m 2 5352 32
m 2 5353 32
m 2 5354 32
m 2 5355 32
m 2 5356 32
m 2 5357 32
m 2 5358 32
m 2 5359 32
m 2 5360 32
m 2 5361 32
m 2 5362 32
m 2 5363 32
m 2 5364 32
m 2 5365 32
m 2 5366 32
m 2 5367 32
m 2 5368 32
m 2 5369 32
m 2 5370 32
m 2 5371 32
m 2 5372 32
m 2 5373 32
m 2 5374 32
m 2 5375 32
m 2 5376 32
m 2 5377 32
m 2 5378 32
m 2 5379 32
m 2 5380 32
m 2 5381 32
m 2 5382 32
m 2 5383 32
m 2 5384 32
m 2 5385 32
m 2 5386 32
m 2 5387 32
m 2 5388 32
m 2 5389 32
m 2 5390 32
m 2 5391 32
m 2 5392 32
m 2 5393 32
m 2 5394 32
m 2 5395 32
m 2 5396 32
m 2 5397 32
m 2 5398 32
m 2 5399 32
m 2 5400 32
m 2 5401 32
m 2 5402 32
m 2 5403 32
m 2 5404 32
m 2 5405 32
m 2 5406 32
m 2 5407 32
m 2 5408 32
m 2 5409 32
m 2 5410 32
m 2 5411 32
m 2 5412 32
m 2 5413 32
m 2 5414 32
m 2 5415 32
m 2 5416 32
m 2 5417 32
m 2 5418 32
m 2 5419 32
m 2 5420 32
m 2 5421 32
m 2 5422 32
m 2 5423 32
m 2 5424 32
m 2 5425 32
m 2 5426 32
m 2 5427 32
m 2 5428 32
m 2 5429 32
m 2 5430 32
m 2 5431 32
m 2 5432 32
m 2 5433 32
m 2 5434 32
m 2 5435 32
m 2 5436 32
m 2 5437 32
m 2 5438 32
m 2 5439 32
m 2 5440 32
m 2 5441 32
m 2 5442 32
m 2 5443 32
m 2 5444 32
m 2 5445 32
m 2 5446 32
m 2 5447 32
m 2 5448 32
m 2 5449 32
m 2 5450 32
m 2 5451 32
m 2 5452 32
m 2 5453 32
m 2 5454 32
m 2 5455 32
m 2 5456 32
m 2 5457 32
m 2 5458 32
m 2 5459 32
m 2 5460 32
m 2 5461 32
m 2 5462 32
m 2 5463 32
m 2 5464 32
m 2 5465 32
m 2 5466 32
m 2 5467 32
m 2 5468 32
m 2 5469 32
m 2 5470 32
m 2 5471 32
m 2 5472 32
m 2 5473 32
m 2 5474 32
m 2 5475 32
m 2 5476 32
m 2 5477 32
m 2 5478 32
m 2 5479 32
m 2 5480 32
m 2 5481 32
m 2 5482 32
m 2 5483 32
m 2 5484 32
m 2 5485 32
m 2 5486 32
m 2 5487 32
m 2 5488 32
m 2 5489 32
m 2 5490 32
m 2 5491 32
m 2 5492 32
m 2 5493 32
m 2 5494 32
m 2 5495 32
m 2 5496 32
m 2 5497 32
m 2 5498 32
m 2 5499 32
m 2 5500 32
m 2 5501 32
m 2 5502 32
m 2 5503 32
m 2 5504 32
m 2 5505 32
m 2 5506 32
m 2 5507 32
m 2 5508 32
m 2 5509 32
m 2 5510 32
m 2 5511 32
m 2 5512 32
m 2 5513 32
m 2 5514 32
m 2 5515 32
m 2 5516 32
m 2 5517 32
m 2 5518 32
m 2 5519 32
m 2 5520 32
m 2 5521 32
m 2 5522 32
m 2 5523 32
m 2 5524 32
m 2 5525 32
m 2 5526 32
m 2 5527 32
m 2 5528 32
m 2 5529 32
m 2 5530 32
m 2 5531 32
m 2 5532 32
m 2 5533 32
m 2 5534 32
m 2 5535 32
m 2 5536 32
m 2 5537 32
m 2 5538 32
m 2 5539 32
m 2 5540 32
m 2 5541 32
m 2 5542 32
m 2 5543 32
m 2 5544 32
m 2 5545 32
m 2 5546 32
m 2 5547 32
m 2 5548 32
m 2 5549 32
m 2 5550 32
m 2 5551 32
m 2 5552 32
m 2 5553 32
m 2 5554 32
m 2 5555 32
m 2 5556 32
m 2 5557 32
m 2 5558 32
m 2 5559 32
m 2 5560 32
m 2 5561 32
m 2 5562 32
m 2 5563 32
m 2 5564 32
m 2 5565 32
m 2 5566 32
m 2 5567 32
m 2 5568 32
m 2 5569 32
m 2 5570 32
m 2 5571 32
m 2 5572 32
m 2 5573 32
m 2 5574 32
m 2 5575 32
m 2 5576 32
m 2 5577 32
m 2 5578 32
m 2 5579 32
m 2 5580 32
m 2 5581 32
m 2 5582 32
m 2 5583 32
m 2 5584 32
m 2 5585 32
m 2 5586 32
m 2 5587 32
m 2 5588 32
m 2 5589 32
m 2 5590 32
m 2 5591 32
m 2 5592 32
m 2 5593 32
m 2 5594 32
m 2 5595 32
m 2 5596 32
m 2 5597 32
m 2 5598 32
m 2 5599 32
m 2 5600 32
m 2 5601 32
m 2 5602 32
m 2 5603 32
m 2 5604 32
m 2 5605 32
m 2 5606 32
m 2 5607 32
m 2 5608 32
m 2 5609 32
m 2 5610 32
m 2 5611 32
m 2 5612 32
m 2 5613 32
m 2 5614 32
m 2 5615 32
m 2 5616 32
m 2 5617 32
m 2 5618 32
m 2 5619 32
m 2 5620 32
m 2 5621 32
m 2 5622 32
m 2 5623 32
m 2 5624 32
m 2 5625 32
m 2 5626 32
m 2 5627 32
m 2 5628 32
m 2 5629 32
m 2 5630 32
m 2 5631 32
m 2 5632 32
m 2 5633 32
m 2 5634 32
m 2 5635 32
m 2 5636 32
m 2 5637 32
m 2 5638 32
m 2 5639 32
m 2 5640 32
m 2 5641 32
m 2 5642 32
m 2 5643 32
m 2 5644 32
m 2 5645 32
m 2 5646 32
m 2 5647 32
m 2 5648 32
m 2 5649 32
m 2 5650 32
m 2 5651 32
m 2 5652 32
m 2 5653 32
m 2 5654 32
m 2 5655 32
m 2 5656 32
m 2 5657 32
m 2 5658 32
m 2 5659 32
m 2 5660 32
m 2 5661 32
m 2 5662 32
m 2 5663 32
m 2 5664 32
m 2 5665 32
m 2 5666 32
m 2 5667 32
m 2 5668 32
m 2 5669 32
m 2 5670 32
m 2 5671 32
m 2 5672 32
m 2 5673 32
m 2 5674 32
m 2 5675 32
m 2 5676 32
m 2 5677 32
m 2 5678 32
m 2 5679 32
m 2 5680 32
m 2 5681 32
m 2 5682 32
m 2 5683 32
m 2 5684 32
m 2 5685 32
m 2 5686 32
m 2 5687 32
m 2 5688 32
m 2 5689 32
m 2 5690 32
m 2 5691 32
m 2 5692 32
m 2 5693 32
m 2 5694 32
m 2 5695 32
m 2 5696 32
m 2 5697 32
m 2 5698 32
m 2 5699 32
m 2 5700 32
m 2 5701 32
m 2 5702 32
m 2 5703 32
m 2 5704 32
m 2 5705 32
m 2 5706 32
m 2 5707 32
m 2 5708 32
m 2 5709 32
m 2 5710 32
m 2 5711 32
m 2 5712 32
m 2 5713 32
m 2 5714 32
m 2 5715 32
m 2 5716 32
m 2 5717 32
m 2 5718 32
m 2 5719 32
m 2 5720 32
m 2 5721 32
m 2 5722 32
m 2 5723 32
m 2 5724 32
m 2 5725 32
m 2 5726 32
m 2 5727 32
m 2 5728 32
m 2 5729 32
m 2 5730 32
m 2 5731 32
m 2 5732 32
m 2 5733 32
m 2 5734 32
m 2 5735 32
m 2 5736 32
m 2 5737 32
m 2 5738 32
m 2 5739 32
m 2 5740 32
m 2 5741 32
m 2 5742 32
m 2 5743 32
m 2 5744 32
m 2 5745 32
m 2 5746 32
m 2 5747 32
m 2 5748 32
m 2 5749 32
m 2 5750 32
m 2 5751 32
m 2 5752 32
m 2 5753 32
m 2 5754 32
m 2 5755 32
m 2 5756 32
m 2 5757 32
m 2 5758 32
m 2 5759 32
m 2 5760 32
m 2 5761 32
m 2 5762 32
m 2 5763 32
m 2 5764 32
m 2 5765 32
m 2 5766 32
m 2 5767 32
m 2 5768 32
m 2 5769 32
m 2 5770 32
m 2 5771 32
m 2 5772 32
m 2 5773 32
m 2 5774 32
m 2 5775 32
m 2 5776 32
m 2 5777 32
m 2 5778 32
m 2 5779 32
m 2 5780 32
m 2 5781 32
m 2 5782 32
m 2 5783 32
m 2 5784 32
m 2 5785 32
m 2 5786 32
m 2 5787 32
m 2 5788 32
m 2 5789 32
m 2 5790 32
m 2 5791 32
m 2 5792 32
m 2 5793 32
m 2 5794 32
m 2 5795 32
m 2 5796 32
m 2 5797 32
m 2 5798 32
m 2 5799 32
m 2 5800 32
m 2 5801 32
m 2 5802 32
m 2 5803 32
m 2 5804 32
m 2 5805 32
m 2 5806 32
m 2 5807 32
m 2 5808 32
m 2 5809 32
m 2 5810 32
m 2 5811 32
m 2 5812 32
m 2 5813 32
m 2 5814 32
m 2 5815 32
m 2 5816 32
m 2 5817 32
m 2 5818 32
m 2 5819 32
m 2 5820 32
m 2 5821 32
m 2 5822 32
m 2 5823 32
m 2 5824 32
m 2 5825 32
m 2 5826 32
m 2 5827 32
m 2 5828 32
m 2 5829 32
m 2 5830 32
m 2 5831 32
m 2 5832 32
m 2 5833 32
m 2 5834 32
m 2 5835 32
m 2 5836 32
m 2 5837 32
m 2 5838 32
m 2 5839 32
m 2 5840 32
m 2 5841 32
m 2 5842 32
m 2 5843 32
m 2 5844 32
m 2 5845 32
m 2 5846 32
m 2 5847 32
m 2 5848 32
m 2 5849 32
m 2 5850 32
m 2 5851 32
m 2 5852 32
m 2 5853 32
m 2 5854 32
m 2 5855 32
m 2 5856 32
m 2 5857 32
m 2 5858 32
m 2 5859 32
m 2 5860 32
m 2 5861 32
m 2 5862 32
m 2 5863 32
m 2 5864 32
m 2 5865 32
m 2 5866 32
m 2 5867 32
m 2 5868 32
m 2 5869 32
m 2 5870 32
m 2 5871 32
m 2 5872 32
m 2 5873 32
m 2 5874 32
m 2 5875 32
m 2 5876 32
m 2 5877 32
m 2 5878 32
m 2 5879 32
m 2 5880 32
m 2 5881 32
m 2 5882 32
m 2 5883 32
m 2 5884 32
m 2 5885 32
m 2 5886 32
m 2 5887 32
m 2 5888 32
m 2 5889 32
m 2 5890 32
m 2 5891 32
m 2 5892 32
m 2 5893 32
m 2 5894 32
m 2 5895 32
m 2 5896 32
m 2 5897 32
m 2 5898 32
m 2 5899 32
m 2 5900 32
m 2 5901 32
m 2 5902 32
m 2 5903 32
m 2 5904 32
m 2 5905 32
m 2 5906 32
m 2 5907 32
m 2 5908 32
m 2 5909 32
m 2 5910 32
m 2 5911 32
m 2 5912 32
m 2 5913 32
m 2 5914 32
m 2 5915 32
m 2 5916 32
m 2 5917 32
m 2 5918 32
m 2 5919 32
m 2 5920 32
m 2 5921 32
m 2 5922 32
m 2 5923 32
m 2 5924 32
m 2 5925 32
m 2 5926 32
m 2 5927 32
m 2 5928 32
m 2 5929 32
m 2 5930 32
m 2 5931 32
m 2 5932 32
m 2 5933 32
m 2 5934 32
m 2 5935 32
m 2 5936 32
m 2 5937 32
m 2 5938 32
m 2 5939 32
m 2 5940 32
m 2 5941 32
m 2 5942 32
m 2 5943 32
m 2 5944 32
m 2 5945 32
m 2 5946 32
m 2 5947 32
m 2 5948 32
m 2 5949 32
m 2 5950 32
m 2 5951 32
m 2 5952 32
m 2 5953 32
m 2 5954 32
m 2 5955 32
m 2 5956 32
m 2 5957 32
m 2 5958 32
m 2 5959 32
m 2 5960 32
m 2 5961 32
m 2 5962 32
m 2 5963 32
m 2 5964 32
m 2 5965 32
m 2 5966 32
m 2 5967 32
m 2 5968 32
m 2 5969 32
m 2 5970 32
m 2 5971 32
m 2 5972 32
m 2 5973 32
m 2 5974 32
m 2 5975 32
m 2 5976 32
m 2 5977 32
m 2 5978 32
m 2 5979 32
m 2 5980 32
m 2 5981 32
m 2 5982 32
m 2 5983 32
m 2 5984 32
m 2 5985 32
m 2 5986 32
m 2 5987 32
m 2 5988 32
m 2 5989 32
m 2 5990 32
m 2 5991 32
m 2 5992 32
m 2 5993 32
m 2 5994 32
m 2 5995 32
m 2 5996 32
m 2 5997 32
m 2 5998 32
m 2 5999 32
m 3 6000 64
m 3 6001 64
m 3 6002 64
m 3 6003 64
m 3 6004 64
m 3 6005 64
m 3 6006 64
m 3 6007 64
m 3 6008 64
m 3 6009 64
m 3 6010 64
m 3 6011 64
m 3 6012 64
m 3 6013 64
m 3 6014 64
m 3 6015 64
m 3 6016 64
m 3 6017 64
m 3 6018 64
m 3 6019 64
m 3 6020 64
m 3 6021 64
m 3 6022 64
m 3 6023 64
m 3 6024 64
m 3 6025 64
m 3 6026 64
m 3 6027 64
m 3 6028 64
m 3 6029 64
m 3 6030 64
m 3 6031 64
m 3 6032 64
m 3 6033 64
m 3 6034 64
m 3 6035 64
m 3 6036 64
m 3 6037 64
m 3 6038 64
m 3 6039 64
m 3 6040 64
m 3 6041 64
m 3 6042 64
m 3 6043 64
m 3 6044 64
m 3 6045 64
m 3 6046 64
m 3 6047 64
m 3 6048 64
m 3 6049 64
m 3 6050 64
m 3 6051 64
m 3 6052 64
m 3 6053 64
m 3 6054 64
m 3 6055 64
m 3 6056 64
m 3 6057 64
m 3 6058 64
m 3 6059 64
m 3 6060 64
m 3 6061 64
m 3 6062 64
m 3 6063 64
m 3 6064 64
m 3 6065 64
m 3 6066 64
m 3 6067 64
m 3 6068 64
m 3 6069 64
m 3 6070 64
m 3 6071 64
m 3 6072 64
m 3 6073 64
m 3 6074 64
m 3 6075 64
m 3 6076 64
m 3 6077 64
m 3 6078 64
m 3 6079 64
m 3 6080 64
m 3 6081 64
m 3 6082 64
m 3 6083 64
m 3 6084 64
m 3 6085 64
m 3 6086 64
m 3 6087 64
m 3 6088 64
m 3 6089 64
m 3 6090 64
m 3 6091 64
m 3 6092 64
m 3 6093 64
m 3 6094 64
m 3 6095 64
m 3 6096 64
m 3 6097 64
m 3 6098 64
m 3 6099 64
m 3 6100 64
m 3 6101 64
m 3 6102 64
m 3 6103 64
m 3 6104 64
m 3 6105 64
m 3 6106 64
m 3 6107 64
m 3 6108 64
m 3 6109 64
m 3 6110 64
m 3 6111 64
m 3 6112 64
m 3 6113 64
m 3 6114 64
m 3 6115 64
m 3 6116 64
m 3 6117 64
m 3 6118 64
m 3 6119 64
m 3 6120 64
m 3 6121 64
m 3 6122 64
m 3 6123 64
m 3 6124 64
m 3 6125 64
m 3 6126 64
m 3 6127 64
m 3 6128 64
m 3 6129 64
m 3 6130 64
m 3 6131 64
m 3 6132 64
m 3 6133 64
m 3 6134 64
m 3 6135 64
m 3 6136 64
m 3 6137 64
m 3 6138 64
m 3 6139 64
m 3 6140 64
m 3 6141 64
m 3 6142 64
m 3 6143 64
m 3 6144 64
m 3 6145 64
m 3 6146 64
m 3 6147 64
m 3 6148 64
m 3 6149 64
m 3 6150 64
m 3 6151 64
m 3 6152 64
m 3 6153 64
m 3 6154 64
m 3 6155 64
m 3 6156 64
m 3 6157 64
m 3 6158 64
m 3 6159 64
m 3 6160 64
m 3 6161 64
m 3 6162 64
m 3 6163 64
m 3 6164 64
m 3 6165 64
m 3 6166 64
m 3 6167 64
m 3 6168 64
m 3 6169 64
m 3 6170 64
m 3 6171 64
m 3 6172 64
m 3 6173 64
m 3 6174 64
m 3 6175 64
m 3 6176 64
m 3 6177 64
m 3 6178 64
m 3 6179 64
m 3 6180 64
m 3 6181 64
m 3 6182 64
m 3 6183 64
m 3 6184 64
m 3 6185 64
m 3 6186 64
m 3 6187 64
m 3 6188 64
m 3 6189 64
m 3 6190 64
m 3 6191 64
m 3 6192 64
m 3 6193 64
m 3 6194 64
m 3 6195 64
m 3 6196 64
m 3 6197 64
m 3 6198 64
m 3 6199 64
m 3 6200 64
m 3 6201 64
m 3 6202 64
m 3 6203 64
m 3 6204 64
m 3 6205 64
m 3 6206 64
m 3 6207 64
m 3 6208 64
m 3 6209 64
m 3 6210 64
m 3 6211 64
m 3 6212 64
m 3 6213 64
m 3 6214 64
m 3 6215 64
m 3 6216 64
m 3 6217 64
m 3 6218 64
m 3 6219 64
m 3 6220 64
m 3 6221 64
m 3 6222 64
m 3 6223 64
m 3 6224 64
m 3 6225 64
m 3 6226 64
m 3 6227 64
m 3 6228 64
m 3 6229 64
m 3 6230 64
m 3 6231 64
m 3 6232 64
m 3 6233 64
m 3 6234 64
m 3 6235 64
m 3 6236 64
m 3 6237 64
m 3 6238 64
m 3 6239 64
m 3 6240 64
m 3 6241 64
m 3 6242 64
m 3 6243 64
m 3 6244 64
m 3 6245 64
m 3 6246 64
m 3 6247 64
m 3 6248 64
m 3 6249 64
m 3 6250 64
m 3 6251 64
m 3 6252 64
m 3 6253 64
m 3 6254 64
m 3 6255 64
m 3 6256 64
m 3 6257 64
m 3 6258 64
m 3 6259 64
m 3 6260 64
m 3 6261 64
m 3 6262 64
m 3 6263 64
m 3 6264 64
m 3 6265 64
m 3 6266 64
m 3 6267 64
m 3 6268 64
m 3 6269 64
m 3 6270 64
m 3 6271 64
m 3 6272 64
m 3 6273 64
m 3 6274 64
m 3 6275 64
m 3 6276 64
m 3 6277 64
m 3 6278 64
m 3 6279 64
m 3 6280 64
m 3 6281 64
m 3 6282 64
m 3 6283 64
m 3 6284 64
m 3 6285 64
m 3 6286 64
m 3 6287 64
m 3 6288 64
m 3 6289 64
m 3 6290 64
m 3 6291 64
m 3 6292 64
m 3 6293 64
m 3 6294 64
m 3 6295 64
m 3 6296 64
m 3 6297 64
m 3 6298 64
m 3 6299 64
m 3 6300 64
m 3 6301 64
m 3 6302 64
m 3 6303 64
m 3 6304 64
m 3 6305 64
m 3 6306 64
m 3 6307 64
m 3 6308 64
m 3 6309 64
m 3 6310 64
m 3 6311 64
m 3 6312 64
m 3 6313 64
m 3 6314 64
m 3 6315 64
m 3 6316 64
m 3 6317 64
m 3 6318 64
m 3 6319 64
m 3 6320 64
m 3 6321 64
m 3 6322 64
m 3 6323 64
m 3 6324 64
m 3 6325 64
m 3 6326 64
m 3 6327 64
m 3 6328 64
m 3 6329 64
m 3 6330 64
m 3 6331 64
m 3 6332 64
m 3 6333 64
m 3 6334 64
m 3 6335 64
m 3 6336 64
m 3 6337 64
m 3 6338 64
m 3 6339 64
m 3 6340 64
m 3 6341 64
m 3 6342 64
m 3 6343 64
m 3 6344 64
m 3 6345 64
m 3 6346 64
m 3 6347 64
m 3 6348 64
m 3 6349 64
m 3 6350 64
m 3 6351 64
m 3 6352 64
m 3 6353 64
m 3 6354 64
m 3 6355 64
m 3 6356 64
m 3 6357 64
m 3 6358 64
m 3 6359 64
m 3 6360 64
m 3 6361 64
m 3 6362 64
m 3 6363 64
m 3 6364 64
m 3 6365 64
m 3 6366 64
m 3 6367 64
m 3 6368 64
m 3 6369 64
m 3 6370 64
m 3 6371 64
m 3 6372 64
m 3 6373 64
m 3 6374 64
m 3 6375 64
m 3 6376 64
m 3 6377 64
m 3 6378 64
m 3 6379 64
m 3 6380 64
m 3 6381 64
m 3 6382 64
m 3 6383 64
m 3 6384 64
m 3 6385 64
m 3 6386 64
m 3 6387 64
m 3 6388 64
m 3 6389 64
m 3 6390 64
m 3 6391 64
m 3 6392 64
m 3 6393 64
m 3 6394 64
m 3 6395 64
m 3 6396 64
m 3 6397 64
m 3 6398 64
m 3 6399 64
m 3 6400 64
m 3 6401 64
m 3 6402 64
m 3 6403 64
m 3 6404 64
m 3 6405 64
m 3 6406 64
m 3 6407 64
m 3 6408 64
m 3 6409 64
m 3 6410 64
m 3 6411 64
m 3 6412 64
m 3 6413 64
m 3 6414 64
m 3 6415 64
m 3 6416 64
m 3 6417 64
m 3 6418 64
m 3 6419 64
m 3 6420 64
m 3 6421 64
m 3 6422 64
m 3 6423 64
m 3 6424 64
m 3 6425 64
m 3 6426 64
m 3 6427 64
m 3 6428 64
m 3 6429 64
m 3 6430 64
m 3 6431 64
m 3 6432 64
m 3 6433 64
m 3 6434 64
m 3 6435 64
m 3 6436 64
m 3 6437 64
m 3 6438 64
m 3 6439 64
m 3 6440 64
m 3 6441 64
m 3 6442 64
m 3 6443 64
m 3 6444 64
m 3 6445 64
m 3 6446 64
m 3 6447 64
m 3 6448 64
m 3 6449 64
m 3 6450 64
m 3 6451 64
m 3 6452 64
m 3 6453 64
m 3 6454 64
m 3 6455 64
m 3 6456 64
m 3 6457 64
m 3 6458 64
m 3 6459 64
m 3 6460 64
m 3 6461 64
m 3 6462 64
m 3 6463 64
m 3 6464 64
m 3 6465 64
m 3 6466 64
m 3 6467 64
m 3 6468 64
m 3 6469 64
m 3 6470 64
m 3 6471 64
m 3 6472 64
m 3 6473 64
m 3 6474 64
m 3 6475 64
m 3 6476 64
m 3 6477 64
m 3 6478 64
m 3 6479 64
m 3 6480 64
m 3 6481 64
m 3 6482 64
m 3 6483 64
m 3 6484 64
m 3 6485 64
m 3 6486 64
m 3 6487 64
m 3 6488 64
m 3 6489 64
m 3 6490 64
m 3 6491 64
m 3 6492 64
m 3 6493 64
m 3 6494 64
m 3 6495 64
m 3 6496 64
m 3 6497 64
m 3 6498 64
m 3 6499 64
m 3 6500 64
m 3 6501 64
m 3 6502 64
m 3 6503 64
m 3 6504 64
m 3 6505 64
m 3 6506 64
m 3 6507 64
m 3 6508 64
m 3 6509 64
m 3 6510 64
m 3 6511 64
m 3 6512 64
m 3 6513 64
m 3 6514 64
m 3 6515 64
m 3 6516 64
m 3 6517 64
m 3 6518 64
m 3 6519 64
m 3 6520 64
m 3 6521 64
m 3 6522 64
m 3 6523 64
m 3 6524 64
m 3 6525 64
m 3 6526 64
m 3 6527 64
m 3 6528 64
m 3 6529 64
m 3 6530 64
m 3 6531 64
m 3 6532 64
m 3 6533 64
m 3 6534 64
m 3 6535 64
m 3 6536 64
m 3 6537 64
m 3 6538 64
m 3 6539 64
m 3 6540 64
m 3 6541 64
m 3 6542 64
m 3 6543 64
m 3 6544 64
m 3 6545 64
m 3 6546 64
m 3 6547 64
m 3 6548 64
m 3 6549 64
m 3 6550 64
m 3 6551 64
m 3 6552 64
m 3 6553 64
m 3 6554 64
m 3 6555 64
m 3 6556 64
m 3 6557 64
m 3 6558 64
m 3 6559 64
m 3 6560 64
m 3 6561 64
m 3 6562 64
m 3 6563 64
m 3 6564 64
m 3 6565 64
m 3 6566 64
m 3 6567 64
m 3 6568 64
m 3 6569 64
m 3 6570 64
m 3 6571 64
m 3 6572 64
m 3 6573 64
m 3 6574 64
m 3 6575 64
m 3 6576 64
m 3 6577 64
m 3 6578 64
m 3 6579 64
m 3 6580 64
m 3 6581 64
m 3 6582 64
m 3 6583 64
m 3 6584 64
m 3 6585 64
m 3 6586 64
m 3 6587 64
m 3 6588 64
m 3 6589 64
m 3 6590 64
m 3 6591 64
m 3 6592 64
m 3 6593 64
m 3 6594 64
m 3 6595 64
m 3 6596 64
m 3 6597 64
m 3 6598 64
m 3 6599 64
m 3 6600 64
m 3 6601 64
m 3 6602 64
m 3 6603 64
m 3 6604 64
m 3 6605 64
m 3 6606 64
m 3 6607 64
m 3 6608 64
m 3 6609 64
m 3 6610 64
m 3 6611 64
m 3 6612 64
m 3 6613 64
m 3 6614 64
m 3 6615 64
m 3 6616 64
m 3 6617 64
m 3 6618 64
m 3 6619 64
m 3 6620 64
m 3 6621 64
m 3 6622 64
m 3 6623 64
m 3 6624 64
m 3 6625 64
m 3 6626 64
m 3 6627 64
m 3 6628 64
m 3 6629 64
m 3 6630 64
m 3 6631 64
m 3 6632 64
m 3 6633 64
m 3 6634 64
m 3 6635 64
m 3 6636 64
m 3 6637 64
m 3 6638 64
m 3 6639 64
m 3 6640 64
m 3 6641 64
m 3 6642 64
m 3 6643 64
m 3 6644 64
m 3 6645 64
m 3 6646 64
m 3 6647 64
m 3 6648 64
m 3 6649 64
m 3 6650 64
m 3 6651 64
m 3 6652 64
m 3 6653 64
m 3 6654 64
m 3 6655 64
m 3 6656 64
m 3 6657 64
m 3 6658 64
m 3 6659 64
m 3 6660 64
m 3 6661 64
m 3 6662 64
m 3 6663 64
m 3 6664 64
m 3 6665 64
m 3 6666 64
m 3 6667 64
m 3 6668 64
m 3 6669 64
m 3 6670 64
m 3 6671 64
m 3 6672 64
m 3 6673 64
m 3 6674 64
m 3 6675 64
m 3 6676 64
m 3 6677 64
m 3 6678 64
m 3 6679 64
m 3 6680 64
m 3 6681 64
m 3 6682 64
m 3 6683 64
m 3 6684 64
m 3 6685 64
m 3 6686 64
m 3 6687 64
m 3 6688 64
m 3 6689 64
m 3 6690 64
m 3 6691 64
m 3 6692 64
m 3 6693 64
m 3 6694 64
m 3 6695 64
m 3 6696 64
m 3 6697 64
m 3 6698 64
m 3 6699 64
m 3 6700 64
m 3 6701 64
m 3 6702 64
m 3 6703 64
m 3 6704 64
m 3 6705 64
m 3 6706 64
m 3 6707 64
m 3 6708 64
m 3 6709 64
m 3 6710 64
m 3 6711 64
m 3 6712 64
m 3 6713 64
m 3 6714 64
m 3 6715 64
m 3 6716 64
m 3 6717 64
m 3 6718 64
m 3 6719 64
m 3 6720 64
m 3 6721 64
m 3 6722 64
m 3 6723 64
m 3 6724 64
m 3 6725 64
m 3 6726 64
m 3 6727 64
m 3 6728 64
m 3 6729 64
m 3 6730 64
m 3 6731 64
m 3 6732 64
m 3 6733 64
m 3 6734 64
m 3 6735 64
m 3 6736 64
m 3 6737 64
m 3 6738 64
m 3 6739 64
m 3 6740 64
m 3 6741 64
m 3 6742 64
m 3 6743 64
m 3 6744 64
m 3 6745 64
m 3 6746 64
m 3 6747 64
m 3 6748 64
m 3 6749 64
m 3 6750 64
m 3 6751 64
m 3 6752 64
m 3 6753 64
m 3 6754 64
m 3 6755 64
m 3 6756 64
m 3 6757 64
m 3 6758 64
m 3 6759 64
m 3 6760 64
m 3 6761 64
m 3 6762 64
m 3 6763 64
m 3 6764 64
m 3 6765 64
m 3 6766 64
m 3 6767 64
m 3 6768 64
m 3 6769 64
m 3 6770 64
m 3 6771 64
m 3 6772 64
m 3 6773 64
m 3 6774 64
m 3 6775 64
m 3 6776 64
m 3 6777 64
m 3 6778 64
m 3 6779 64
m 3 6780 64
m 3 6781 64
m 3 6782 64
m 3 6783 64
m 3 6784 64
m 3 6785 64
m 3 6786 64
m 3 6787 64
m 3 6788 64
m 3 6789 64
m 3 6790 64
m 3 6791 64
m 3 6792 64
m 3 6793 64
m 3 6794 64
m 3 6795 64
m 3 6796 64
m 3 6797 64
m 3 6798 64
m 3 6799 64
m 3 6800 64
m 3 6801 64
m 3 6802 64
m 3 6803 64
m 3 6804 64
m 3 6805 64
m 3 6806 64
m 3 6807 64
m 3 6808 64
m 3 6809 64
m 3 6810 64
m 3 6811 64
m 3 6812 64
m 3 6813 64
m 3 6814 64
m 3 6815 64
m 3 6816 64
m 3 6817 64
m 3 6818 64
m 3 6819 64
m 3 6820 64
m 3 6821 64
m 3 6822 64
m 3 6823 64
m 3 6824 64
m 3 6825 64
m 3 6826 64
m 3 6827 64
m 3 6828 64
m 3 6829 64
m 3 6830 64
m 3 6831 64
m 3 6832 64
m 3 6833 64
m 3 6834 64
m 3 6835 64
m 3 6836 64
m 3 6837 64
m 3 6838 64
m 3 6839 64
m 3 6840 64
m 3 6841 64
m 3 6842 64
m 3 6843 64
m 3 6844 64
m 3 6845 64
m 3 6846 64
m 3 6847 64
m 3 6848 64
m 3 6849 64
m 3 6850 64
m 3 6851 64
m 3 6852 64
m 3 6853 64
m 3 6854 64
m 3 6855 64
m 3 6856 64
m 3 6857 64
m 3 6858 64
m 3 6859 64
m 3 6860 64
m 3 6861 64
m 3 6862 64
m 3 6863 64
m 3 6864 64
m 3 6865 64
m 3 6866 64
m 3 6867 64
m 3 6868 64
m 3 6869 64
m 3 6870 64
m 3 6871 64
m 3 6872 64
m 3 6873 64
m 3 6874 64
m 3 6875 64
m 3 6876 64
m 3 6877 64
m 3 6878 64
m 3 6879 64
m 3 6880 64
m 3 6881 64
m 3 6882 64
m 3 6883 64
m 3 6884 64
m 3 6885 64
m 3 6886 64
m 3 6887 64
m 3 6888 64
m 3 6889 64
m 3 6890 64
m 3 6891 64
m 3 6892 64
m 3 6893 64
m 3 6894 64
m 3 6895 64
m 3 6896 64
m 3 6897 64
m 3 6898 64
m 3 6899 64
m 3 6900 64
m 3 6901 64
m 3 6902 64
m 3 6903 64
m 3 6904 64
m 3 6905 64
m 3 6906 64
m 3 6907 64
m 3 6908 64
m 3 6909 64
m 3 6910 64
m 3 6911 64
m 3 6912 64
m 3 6913 64
m 3 6914 64
m 3 6915 64
m 3 6916 64
m 3 6917 64
m 3 6918 64
m 3 6919 64
m 3 6920 64
m 3 6921 64
m 3 6922 64
m 3 6923 64
m 3 6924 64
m 3 6925 64
m 3 6926 64
m 3 6927 64
m 3 6928 64
m 3 6929 64
m 3 6930 64
m 3 6931 64
m 3 6932 64
m 3 6933 64
m 3 6934 64
m 3 6935 64
m 3 6936 64
m 3 6937 64
m 3 6938 64
m 3 6939 64
m 3 6940 64
m 3 6941 64
m 3 6942 64
m 3 6943 64
m 3 6944 64
m 3 6945 64
m 3 6946 64
m 3 6947 64
m 3 6948 64
m 3 6949 64
m 3 6950 64
m 3 6951 64
m 3 6952 64
m 3 6953 64
m 3 6954 64
m 3 6955 64
m 3 6956 64
m 3 6957 64
m 3 6958 64
m 3 6959 64
m 3 6960 64
m 3 6961 64
m 3 6962 64
m 3 6963 64
m 3 6964 64
m 3 6965 64
m 3 6966 64
m 3 6967 64
m 3 6968 64
m 3 6969 64
m 3 6970 64
m 3 6971 64
m 3 6972 64
m 3 6973 64
m 3 6974 64
m 3 6975 64
m 3 6976 64
m 3 6977 64
m 3 6978 64
m 3 6979 64
m 3 6980 64
m 3 6981 64
m 3 6982 64
m 3 6983 64
m 3 6984 64
m 3 6985 64
m 3 6986 64
m 3 6987 64
m 3 6988 64
m 3 6989 64
m 3 6990 64
m 3 6991 64
m 3 6992 64
m 3 6993 64
m 3 6994 64
m 3 6995 64
m 3 6996 64
m 3 6997 64
m 3 6998 64
m 3 6999 64
m 3 7000 64
m 3 7001 64
m 3 7002 64
m 3 7003 64
m 3 7004 64
m 3 7005 64
m 3 7006 64
m 3 7007 64
m 3 7008 64
m 3 7009 64
m 3 7010 64
m 3 7011 64
m 3 7012 64
m 3 7013 64
m 3 7014 64
m 3 7015 64
m 3 7016 64
m 3 7017 64
m 3 7018 64
m 3 7019 64
m 3 7020 64
m 3 7021 64
m 3 7022 64
m 3 7023 64
m 3 7024 64
m 3 7025 64
m 3 7026 64
m 3 7027 64
m 3 7028 64
m 3 7029 64
m 3 7030 64
m 3 7031 64
m 3 7032 64
m 3 7033 64
m 3 7034 64
m 3 7035 64
m 3 7036 64
m 3 7037 64
m 3 7038 64
m 3 7039 64
m 3 7040 64
m 3 7041 64
m 3 7042 64
m 3 7043 64
m 3 7044 64
m 3 7045 64
m 3 7046 64
m 3 7047 64
m 3 7048 64
m 3 7049 64
m 3 7050 64
m 3 7051 64
m 3 7052 64
m 3 7053 64
m 3 7054 64
m 3 7055 64
m 3 7056 64
m 3 7057 64
m 3 7058 64
m 3 7059 64
m 3 7060 64
m 3 7061 64
m 3 7062 64
m 3 7063 64
m 3 7064 64
m 3 7065 64
m 3 7066 64
m 3 7067 64
m 3 7068 64
m 3 7069 64
m 3 7070 64
m 3 7071 64
m 3 7072 64
m 3 7073 64
m 3 7074 64
m 3 7075 64
m 3 7076 64
m 3 7077 64
m 3 7078 64
m 3 7079 64
m 3 7080 64
m 3 7081 64
m 3 7082 64
m 3 7083 64
m 3 7084 64
m 3 7085 64
m 3 7086 64
m 3 7087 64
m 3 7088 64
m 3 7089 64
m 3 7090 64
m 3 7091 64
m 3 7092 64
m 3 7093 64
m 3 7094 64
m 3 7095 64
m 3 7096 64
m 3 7097 64
m 3 7098 64
m 3 7099 64
m 3 7100 64
m 3 7101 64
m 3 7102 64
m 3 7103 64
m 3 7104 64
m 3 7105 64
m 3 7106 64
m 3 7107 64
m 3 7108 64
m 3 7109 64
m 3 7110 64
m 3 7111 64
m 3 7112 64
m 3 7113 64
m 3 7114 64
m 3 7115 64
m 3 7116 64
m 3 7117 64
m 3 7118 64
m 3 7119 64
m 3 7120 64
m 3 7121 64
m 3 7122 64
m 3 7123 64
m 3 7124 64
m 3 7125 64
m 3 7126 64
m 3 7127 64
m 3 7128 64
m 3 7129 64
m 3 7130 64
m 3 7131 64
m 3 7132 64
m 3 7133 64
m 3 7134 64
m 3 7135 64
m 3 7136 64
m 3 7137 64
m 3 7138 64
m 3 7139 64
m 3 7140 64
m 3 7141 64
m 3 7142 64
m 3 7143 64
m 3 7144 64
m 3 7145 64
m 3 7146 64
m 3 7147 64
m 3 7148 64
m 3 7149 64
m 3 7150 64
m 3 7151 64
m 3 7152 64
m 3 7153 64
m 3 7154 64
m 3 7155 64
m 3 7156 64
m 3 7157 64
m 3 7158 64
m 3 7159 64
m 3 7160 64
m 3 7161 64
m 3 7162 64
m 3 7163 64
m 3 7164 64
m 3 7165 64
m 3 7166 64
m 3 7167 64
m 3 7168 64
m 3 7169 64
m 3 7170 64
m 3 7171 64
m 3 7172 64
m 3 7173 64
m 3 7174 64
m 3 7175 64
m 3 7176 64
m 3 7177 64
m 3 7178 64
m 3 7179 64
m 3 7180 64
m 3 7181 64
m 3 7182 64
m 3 7183 64
m 3 7184 64
m 3 7185 64
m 3 7186 64
m 3 7187 64
m 3 7188 64
m 3 7189 64
m 3 7190 64
m 3 7191 64
m 3 7192 64
m 3 7193 64
m 3 7194 64
m 3 7195 64
m 3 7196 64
m 3 7197 64
m 3 7198 64
m 3 7199 64
m 3 7200 64
m 3 7201 64
m 3 7202 64
m 3 7203 64
m 3 7204 64
m 3 7205 64
m 3 7206 64
m 3 7207 64
m 3 7208 64
m 3 7209 64
m 3 7210 64
m 3 7211 64
m 3 7212 64
m 3 7213 64
m 3 7214 64
m 3 7215 64
m 3 7216 64
m 3 7217 64
m 3 7218 64
m 3 7219 64
m 3 7220 64
m 3 7221 64
m 3 7222 64
m 3 7223 64
m 3 7224 64
m 3 7225 64
m 3 7226 64
m 3 7227 64
m 3 7228 64
m 3 7229 64
m 3 7230 64
m 3 7231 64
m 3 7232 64
m 3 7233 64
m 3 7234 64
m 3 7235 64
m 3 7236 64
m 3 7237 64
m 3 7238 64
m 3 7239 64
m 3 7240 64
m 3 7241 64
m 3 7242 64
m 3 7243 64
m 3 7244 64
m 3 7245 64
m 3 7246 64
m 3 7247 64
m 3 7248 64
m 3 7249 64
m 3 7250 64
m 3 7251 64
m 3 7252 64
m 3 7253 64
m 3 7254 64
m 3 7255 64
m 3 7256 64
m 3 7257 64
m 3 7258 64
m 3 7259 64
m 3 7260 64
m 3 7261 64
m 3 7262 64
m 3 7263 64
m 3 7264 64
m 3 7265 64
m 3 7266 64
m 3 7267 64
m 3 7268 64
m 3 7269 64
m 3 7270 64
m 3 7271 64
m 3 7272 64
m 3 7273 64
m 3 7274 64
m 3 7275 64
m 3 7276 64
m 3 7277 64
m 3 7278 64
m 3 7279 64
m 3 7280 64
m 3 7281 64
m 3 7282 64
m 3 7283 64
m 3 7284 64
m 3 7285 64
m 3 7286 64
m 3 7287 64
m 3 7288 64
m 3 7289 64
m 3 7290 64
m 3 7291 64
m 3 7292 64
m 3 7293 64
m 3 7294 64
m 3 7295 64
m 3 7296 64
m 3 7297 64
m 3 7298 64
m 3 7299 64
m 3 7300 64
m 3 7301 64
m 3 7302 64
m 3 7303 64
m 3 7304 64
m 3 7305 64
m 3 7306 64
m 3 7307 64
m 3 7308 64
m 3 7309 64
m 3 7310 64
m 3 7311 64
m 3 7312 64
m 3 7313 64
m 3 7314 64
m 3 7315 64
m 3 7316 64
m 3 7317 64
m 3 7318 64
m 3 7319 64
m 3 7320 64
m 3 7321 64
m 3 7322 64
m 3 7323 64
m 3 7324 64
m 3 7325 64
m 3 7326 64
m 3 7327 64
m 3 7328 64
m 3 7329 64
m 3 7330 64
m 3 7331 64
m 3 7332 64
m 3 7333 64
m 3 7334 64
m 3 7335 64
m 3 7336 64
m 3 7337 64
m 3 7338 64
m 3 7339 64
m 3 7340 64
m 3 7341 64
m 3 7342 64
m 3 7343 64
m 3 7344 64
m 3 7345 64
m 3 7346 64
m 3 7347 64
m 3 7348 64
m 3 7349 64
m 3 7350 64
m 3 7351 64
m 3 7352 64
m 3 7353 64
m 3 7354 64
m 3 7355 64
m 3 7356 64
m 3 7357 64
m 3 7358 64
m 3 7359 64
m 3 7360 64
m 3 7361 64
m 3 7362 64
m 3 7363 64
m 3 7364 64
m 3 7365 64
m 3 7366 64
m 3 7367 64
m 3 7368 64
m 3 7369 64
m 3 7370 64
m 3 7371 64
m 3 7372 64
m 3 7373 64
m 3 7374 64
m 3 7375 64
m 3 7376 64
m 3 7377 64
m 3 7378 64
m 3 7379 64
m 3 7380 64
m 3 7381 64
m 3 7382 64
m 3 7383 64
m 3 7384 64
m 3 7385 64
m 3 7386 64
m 3 7387 64
m 3 7388 64
m 3 7389 64
m 3 7390 64
m 3 7391 64
m 3 7392 64
m 3 7393 64
m 3 7394 64
m 3 7395 64
m 3 7396 64
m 3 7397 64
m 3 7398 64
m 3 7399 64
m 3 7400 64
m 3 7401 64
m 3 7402 64
m 3 7403 64
m 3 7404 64
m 3 7405 64
m 3 7406 64
m 3 7407 64
m 3 7408 64
m 3 7409 64
m 3 7410 64
m 3 7411 64
m 3 7412 64
m 3 7413 64
m 3 7414 64
m 3 7415 64
m 3 7416 64
m 3 7417 64
m 3 7418 64
m 3 7419 64
m 3 7420 64
m 3 7421 64
m 3 7422 64
m 3 7423 64
m 3 7424 64
m 3 7425 64
m 3 7426 64
m 3 7427 64
m 3 7428 64
m 3 7429 64
m 3 7430 64
m 3 7431 64
m 3 7432 64
m 3 7433 64
m 3 7434 64
m 3 7435 64
m 3 7436 64
m 3 7437 64
m 3 7438 64
m 3 7439 64
m 3 7440 64
m 3 7441 64
m 3 7442 64
m 3 7443 64
m 3 7444 64
m 3 7445 64
m 3 7446 64
m 3 7447 64
m 3 7448 64
m 3 7449 64
m 3 7450 64
m 3 7451 64
m 3 7452 64
m 3 7453 64
m 3 7454 64
m 3 7455 64
m 3 7456 64
m 3 7457 64
m 3 7458 64
m 3 7459 64
m 3 7460 64
m 3 7461 64
m 3 7462 64
m 3 7463 64
m 3 7464 64
m 3 7465 64
m 3 7466 64
m 3 7467 64
m 3 7468 64
m 3 7469 64
m 3 7470 64
m 3 7471 64
m 3 7472 64
m 3 7473 64
m 3 7474 64
m 3 7475 64
m 3 7476 64
m 3 7477 64
m 3 7478 64
m 3 7479 64
m 3 7480 64
m 3 7481 64
m 3 7482 64
m 3 7483 64
m 3 7484 64
m 3 7485 64
m 3 7486 64
m 3 7487 64
m 3 7488 64
m 3 7489 64
m 3 7490 64
m 3 7491 64
m 3 7492 64
m 3 7493 64
m 3 7494 64
m 3 7495 64
m 3 7496 64
m 3 7497 64
m 3 7498 64
m 3 7499 64
m 3 7500 64
m 3 7501 64
m 3 7502 64
m 3 7503 64
m 3 7504 64
m 3 7505 64
m 3 7506 64
m 3 7507 64
m 3 7508 64
m 3 7509 64
m 3 7510 64
m 3 7511 64
m 3 7512 64
m 3 7513 64
m 3 7514 64
m 3 7515 64
m 3 7516 64
m 3 7517 64
m 3 7518 64
m 3 7519 64
m 3 7520 64
m 3 7521 64
m 3 7522 64
m 3 7523 64
m 3 7524 64
m 3 7525 64
m 3 7526 64
m 3 7527 64
m 3 7528 64
m 3 7529 64
m 3 7530 64
m 3 7531 64
m 3 7532 64
m 3 7533 64
m 3 7534 64
m 3 7535 64
m 3 7536 64
m 3 7537 64
m 3 7538 64
m 3 7539 64
m 3 7540 64
m 3 7541 64
m 3 7542 64
m 3 7543 64
m 3 7544 64
m 3 7545 64
m 3 7546 64
m 3 7547 64
m 3 7548 64
m 3 7549 64
m 3 7550 64
m 3 7551 64
m 3 7552 64
m 3 7553 64
m 3 7554 64
m 3 7555 64
m 3 7556 64
m 3 7557 64
m 3 7558 64
m 3 7559 64
m 3 7560 64
m 3 7561 64
m 3 7562 64
m 3 7563 64
m 3 7564 64
m 3 7565 64
m 3 7566 64
m 3 7567 64
m 3 7568 64
m 3 7569 64
m 3 7570 64
m 3 7571 64
m 3 7572 64
m 3 7573 64
m 3 7574 64
m 3 7575 64
m 3 7576 64
m 3 7577 64
m 3 7578 64
m 3 7579 64
m 3 7580 64
m 3 7581 64
m 3 7582 64
m 3 7583 64
m 3 7584 64
m 3 7585 64
m 3 7586 64
m 3 7587 64
m 3 7588 64
m 3 7589 64
m 3 7590 64
m 3 7591 64
m 3 7592 64
m 3 7593 64
m 3 7594 64
m 3 7595 64
m 3 7596 64
m 3 7597 64
m 3 7598 64
m 3 7599 64
m 3 7600 64
m 3 7601 64
m 3 7602 64
m 3 7603 64
m 3 7604 64
m 3 7605 64
m 3 7606 64
m 3 7607 64
m 3 7608 64
m 3 7609 64
m 3 7610 64
m 3 7611 64
m 3 7612 64
m 3 7613 64
m 3 7614 64
m 3 7615 64
m 3 7616 64
m 3 7617 64
m 3 7618 64
m 3 7619 64
m 3 7620 64
m 3 7621 64
m 3 7622 64
m 3 7623 64
m 3 7624 64
m 3 7625 64
m 3 7626 64
m 3 7627 64
m 3 7628 64
m 3 7629 64
m 3 7630 64
m 3 7631 64
m 3 7632 64
m 3 7633 64
m 3 7634 64
m 3 7635 64
m 3 7636 64
m 3 7637 64
m 3 7638 64
m 3 7639 64
m 3 7640 64
m 3 7641 64
m 3 7642 64
m 3 7643 64
m 3 7644 64
m 3 7645 64
m 3 7646 64
m 3 7647 64
m 3 7648 64
m 3 7649 64
m 3 7650 64
m 3 7651 64
m 3 7652 64
m 3 7653 64
m 3 7654 64
m 3 7655 64
m 3 7656 64
m 3 7657 64
m 3 7658 64
m 3 7659 64
m 3 7660 64
m 3 7661 64
m 3 7662 64
m 3 7663 64
m 3 7664 64
m 3 7665 64
m 3 7666 64
m 3 7667 64
m 3 7668 64
m 3 7669 64
m 3 7670 64
m 3 7671 64
m 3 7672 64
m 3 7673 64
m 3 7674 64
m 3 7675 64
m 3 7676 64
m 3 7677 64
m 3 7678 64
m 3 7679 64
m 3 7680 64
m 3 7681 64
m 3 7682 64
m 3 7683 64
m 3 7684 64
m 3 7685 64
m 3 7686 64
m 3 7687 64
m 3 7688 64
m 3 7689 64
m 3 7690 64
m 3 7691 64
m 3 7692 64
m 3 7693 64
m 3 7694 64
m 3 7695 64
m 3 7696 64
m 3 7697 64
m 3 7698 64
m 3 7699 64
m 3 7700 64
m 3 7701 64
m 3 7702 64
m 3 7703 64
m 3 7704 64
m 3 7705 64
m 3 7706 64
m 3 7707 64
m 3 7708 64
m 3 7709 64
m 3 7710 64
m 3 7711 64
m 3 7712 64
m 3 7713 64
m 3 7714 64
m 3 7715 64
m 3 7716 64
m 3 7717 64
m 3 7718 64
m 3 7719 64
m 3 7720 64
m 3 7721 64
m 3 7722 64
m 3 7723 64
m 3 7724 64
m 3 7725 64
m 3 7726 64
m 3 7727 64
m 3 7728 64
m 3 7729 64
m 3 7730 64
m 3 7731 64
m 3 7732 64
m 3 7733 64
m 3 7734 64
m 3 7735 64
m 3 7736 64
m 3 7737 64
m 3 7738 64
m 3 7739 64
m 3 7740 64
m 3 7741 64
m 3 7742 64
m 3 7743 64
m 3 7744 64
m 3 7745 64
m 3 7746 64
m 3 7747 64
m 3 7748 64
m 3 7749 64
m 3 7750 64
m 3 7751 64
m 3 7752 64
m 3 7753 64
m 3 7754 64
m 3 7755 64
m 3 7756 64
m 3 7757 64
m 3 7758 64
m 3 7759 64
m 3 7760 64
m 3 7761 64
m 3 7762 64
m 3 7763 64
m 3 7764 64
m 3 7765 64
m 3 7766 64
m 3 7767 64
m 3 7768 64
m 3 7769 64
m 3 7770 64
m 3 7771 64
m 3 7772 64
m 3 7773 64
m 3 7774 64
m 3 7775 64
m 3 7776 64
m 3 7777 64
m 3 7778 64
m 3 7779 64
m 3 7780 64
m 3 7781 64
m 3 7782 64
m 3 7783 64
m 3 7784 64
m 3 7785 64
m 3 7786 64
m 3 7787 64
m 3 7788 64
m 3 7789 64
m 3 7790 64
m 3 7791 64
m 3 7792 64
m 3 7793 64
m 3 7794 64
m 3 7795 64
m 3 7796 64
m 3 7797 64
m 3 7798 64
m 3 7799 64
m 3 7800 64
m 3 7801 64
m 3 7802 64
m 3 7803 64
m 3 7804 64
m 3 7805 64
m 3 7806 64
m 3 7807 64
m 3 7808 64
m 3 7809 64
m 3 7810 64
m 3 7811 64
m 3 7812 64
m 3 7813 64
m 3 7814 64
m 3 7815 64
m 3 7816 64
m 3 7817 64
m 3 7818 64
m 3 7819 64
m 3 7820 64
m 3 7821 64
m 3 7822 64
m 3 7823 64
m 3 7824 64
m 3 7825 64
m 3 7826 64
m 3 7827 64
m 3 7828 64
m 3 7829 64
m 3 7830 64
m 3 7831 64
m 3 7832 64
m 3 7833 64
m 3 7834 64
m 3 7835 64
m 3 7836 64
m 3 7837 64
m 3 7838 64
m 3 7839 64
m 3 7840 64
m 3 7841 64
m 3 7842 64
m 3 7843 64
m 3 7844 64
m 3 7845 64
m 3 7846 64
m 3 7847 64
m 3 7848 64
m 3 7849 64
m 3 7850 64
m 3 7851 64
m 3 7852 64
m 3 7853 64
m 3 7854 64
m 3 7855 64
m 3 7856 64
m 3 7857 64
m 3 7858 64
m 3 7859 64
m 3 7860 64
m 3 7861 64
m 3 7862 64
m 3 7863 64
m 3 7864 64
m 3 7865 64
m 3 7866 64
m 3 7867 64
m 3 7868 64
m 3 7869 64
m 3 7870 64
m 3 7871 64
m 3 7872 64
m 3 7873 64
m 3 7874 64
m 3 7875 64
m 3 7876 64
m 3 7877 64
m 3 7878 64
m 3 7879 64
m 3 7880 64
m 3 7881 64
m 3 7882 64
m 3 7883 64
m 3 7884 64
m 3 7885 64
m 3 7886 64
m 3 7887 64
m 3 7888 64
m 3 7889 64
m 3 7890 64
m 3 7891 64
m 3 7892 64
m 3 7893 64
m 3 7894 64
m 3 7895 64
m 3 7896 64
m 3 7897 64
m 3 7898 64
m 3 7899 64
m 3 7900 64
m 3 7901 64
m 3 7902 64
m 3 7903 64
m 3 7904 64
m 3 7905 64
m 3 7906 64
m 3 7907 64
m 3 7908 64
m 3 7909 64
m 3 7910 64
m 3 7911 64
m 3 7912 64
m 3 7913 64
m 3 7914 64
m 3 7915 64
m 3 7916 64
m 3 7917 64
m 3 7918 64
m 3 7919 64
m 3 7920 64
m 3 7921 64
m 3 7922 64
m 3 7923 64
m 3 7924 64
m 3 7925 64
m 3 7926 64
m 3 7927 64
m 3 7928 64
m 3 7929 64
m 3 7930 64
m 3 7931 64
m 3 7932 64
m 3 7933 64
m 3 7934 64
m 3 7935 64
m 3 7936 64
m 3 7937 64
m 3 7938 64
m 3 7939 64
m 3 7940 64
m 3 7941 64
m 3 7942 64
m 3 7943 64
m 3 7944 64
m 3 7945 64
m 3 7946 64
m 3 7947 64
m 3 7948 64
m 3 7949 64
m 3 7950 64
m 3 7951 64
m 3 7952 64
m 3 7953 64
m 3 7954 64
m 3 7955 64
m 3 7956 64
m 3 7957 64
m 3 7958 64
m 3 7959 64
m 3 7960 64
m 3 7961 64
m 3 7962 64
m 3 7963 64
m 3 7964 64
m 3 7965 64
m 3 7966 64
m 3 7967 64
m 3 7968 64
m 3 7969 64
m 3 7970 64
m 3 7971 64
m 3 7972 64
m 3 7973 64
m 3 7974 64
m 3 7975 64
m 3 7976 64
m 3 7977 64
m 3 7978 64
m 3 7979 64
m 3 7980 64
m 3 7981 64
m 3 7982 64
m 3 7983 64
m 3 7984 64
m 3 7985 64
m 3 7986 64
m 3 7987 64
m 3 7988 64
m 3 7989 64
m 3 7990 64
m 3 7991 64
m 3 7992 64
m 3 7993 64
m 3 7994 64
m 3 7995 64
m 3 7996 64
m 3 7997 64
m 3 7998 64
m 3 7999 64
